10	101573938
10	101904344
10	102735835
10	102740271
10	102742763
10	102745062
10	102746503
10	102750621
10	103124900
10	103300852
10	104257847
10	104341435
10	104350701
10	104487382
10	104536360
10	104829793
10	105075712
10	105096021
10	105098024
10	105102965
10	105125451
10	105154089
10	105263542
10	105274383
10	105542695
10	105705791
10	105707431
10	105724329
10	105803156
10	105920302
10	106023509
10	106029453
10	106108188
10	106594321
10	1079579
10	112596570
10	115684188
10	116074822
10	116155583
10	11781121
10	11781967
10	11804582
10	118164439
10	119028337
10	11985747
10	120111954
10	120429864
10	120448570
10	12046455
10	120466374
10	120483371
10	120781813
10	120804434
10	120890584
10	120954264
10	12121581
10	1216056
10	121605673
10	121618034
10	121623101
10	121631719
10	1225459
10	122678474
10	12292286
10	123118218
10	123578337
10	123597569
10	123673206
10	124686656
10	124693587
10	124711589
10	124913996
10	126089703
10	126163125
10	126163164
10	126354825
10	127482764
10	127484653
10	127496359
10	127496951
10	127502347
10	127507552
10	127532782
10	127617030
10	127644765
10	129890169
10	131443520
10	131466478
10	13171390
10	13172872
10	132456515
10	13330402
10	13338067
10	133522601
10	133736130
10	133766202
10	133968063
10	133988228
10	134000962
10	134004580
10	134141319
10	134144005
10	134144468
10	134930298
10	135064636
10	135188519
10	135211029
10	135224716
10	13590573
10	1369428
10	14859751
10	14863331
10	16555431
10	16555528
10	16558290
10	16851647
10	16852184
10	16859238
10	17172688
10	18897544
10	18974546
10	20236731
10	21924854
10	22809203
10	23775715
10	25249358
10	25320697
10	27281436
10	28816604
10	29092284
10	29097290
10	29098714
10	29113200
10	30580983
10	30629847
10	3163521
10	3176389
10	3178915
10	32577788
10	32599831
10	32609119
10	32640970
10	34973764
10	35073384
10	43263265
10	43828231
10	43875944
10	44035508
10	4442143
10	45476212
10	49492075
10	49586464
10	49655150
10	49734392
10	51489367
10	5926460
10	5930204
10	61450736
10	61465863
10	61466485
10	65376034
10	65376049
10	65377687
10	70187791
10	70240378
10	70278725
10	70527832
10	70537440
10	70587193
10	70759169
10	70892187
10	70969602
10	7180216
10	71870981
10	71872572
10	72150409
10	72336044
10	72346328
10	72379405
10	73738409
10	73740837
10	73946707
10	74540825
10	74751579
10	74865177
10	74874097
10	74890247
10	74899607
10	75941551
10	81123718
10	81925554
10	88725716
10	90342837
10	90658059
10	90661698
10	90773363
10	90777663
10	90779097
10	90779227
10	90779864
10	907940
10	93980225
10	94065164
10	94405648
10	94640446
10	97401256
10	97565783
10	97606745
10	97628994
10	97631051
10	99170102
10	99432569
1	100175621
1	100187031
1	100727547
1	101268388
1	101462232
1	101472742
1	102403061
1	10271688
1	10380877
1	10480983
1	10490550
1	10491209
1	10502710
1	10570721
1	109103207
1	109139367
1	109232257
1	109237386
1	109258165
1	109598542
1	109679297
1	109825840
1	110123971
1	110130264
1	110130641
1	110159876
1	110197132
1	110198727
11	102008661
1	110204650
1	110225019
1	110227894
11	103702299
11	103910149
11	10457711
11	10476698
11	10495225
11	1053999
1	110543957
11	10573626
11	105879005
11	107665860
11	107683197
11	107716445
11	108369205
11	108375829
11	108378207
11	108391322
11	108422872
11	108588330
11	110109422
11	110811493
1	111095160
11	111198898
11	111508266
11	111619505
11	111652300
11	112094123
11	114297800
11	117069061
1	111740345
1	111762482
1	111769391
1	111772259
1	111772261
1	111782754
11	118405835
11	118418325
11	118436429
11	118828942
11	118892277
11	118893878
11	118894287
11	118896115
11	118914998
11	118954194
11	118957949
11	118976719
11	119027631
11	119194007
1	111978232
1	111987087
1	111988383
1	111990265
1	112330323
1	112339023
11	123500530
11	124524627
11	124543803
11	124551979
11	124887519
11	124960520
11	125482239
11	126016060
11	126066040
11	126072294
11	126079385
11	126093217
11	126109548
11	126138381
11	126144411
11	126218773
11	126223122
11	126225876
11	126260684
11	127900947
1	112954307
1	113059220
11	130723677
1	113076756
11	130779052
11	130780865
1	113089006
1	113106369
1	113137570
1	113144263
1	11344767
11	139670
1	114434174
1	114442355
11	14690423
11	16661812
1	117066907
1	117072524
1	117079262
1	117087502
1	117209421
11	17237058
11	17298814
11	17299868
11	17305831
11	17320797
11	18082483
1	118102545
11	18105871
1	11830867
11	18335684
11	18365868
1	11841966
11	18431451
11	18432375
11	18432941
11	18433889
11	18453632
11	18482739
1	11851003
11	18517213
11	18548183
11	18558935
11	18564837
11	18644290
11	18728650
11	1893440
1	11899033
1	11968160
1	12073198
11	2326612
11	252318
11	252733
11	270280
11	27255483
11	27368748
11	27514667
11	295670
11	295876
11	296203
11	2968510
11	32505087
11	33048786
11	33057312
11	33057317
11	33074054
11	33077466
11	33088520
11	33721122
11	33724780
11	33726980
11	3382970
11	34100576
11	34109310
11	34905145
11	34908878
11	34910077
11	34914075
11	34915446
11	34942991
11	34969112
11	35656245
11	36309728
11	36309925
11	410462
11	4113200
11	4354768
11	43786554
11	43820524
11	43843579
11	438662
11	43875714
11	43878459
11	43878485
11	439879
11	44087989
1	144621587
1	145087198
11	45830198
11	45878220
11	4598604
11	4630767
1	146690635
1	146770291
1	147011822
1	147114285
1	147124726
1	147129014
11	471875
11	47246397
11	47275064
11	47303275
11	47350287
11	47352138
11	47374998
11	47378476
11	47379615
11	47441513
11	47589707
11	47640891
11	47692246
11	47707999
11	47772240
1	150131893
1	150418543
1	150462004
1	150586971
1	150640071
1	150696792
1	150766070
1	150798335
1	150800117
1	150857141
1	150905521
1	150937661
1	151012060
1	151372047
1	151408587
1	151418745
1	151917393
1	151934447
1	151953763
1	151959503
1	151974627
1	152008850
1	152009530
1	152035966
1	152809587
11	528575
1	153068015
1	153583986
1	153591770
1	153597117
1	153600124
1	153779243
1	153805735
1	154217763
1	154245512
1	154257188
1	154522394
1	154912017
1	155033308
1	155033918
1	155364685
1	156150188
1	156210557
11	562219
1	156230605
1	156301834
11	56367752
11	5636810
11	5637148
11	5641756
11	5641911
1	156557288
1	156561414
1	156562008
1	156564726
1	156566976
11	5684905
1	157067918
11	57162364
11	57271531
11	57283988
11	57327567
11	57352562
11	57413943
11	57491372
1	158805416
1	159046798
1	159047008
1	15907908
1	15908323
1	15911597
11	59337687
11	59476558
1	159662264
1	159801111
1	159864564
11	60463257
11	60478688
11	60483590
1	160680193
1	160710243
1	160711477
1	160715091
1	160773080
11	60796005
1	160813743
1	160814759
11	60819392
11	60829993
1	160961433
11	61240843
1	161565314
1	161590453
1	161609572
1	161681661
1	161800638
11	62272598
11	62358417
11	62422727
11	62432784
11	62473533
11	62478527
11	62512523
1	162516718
11	62519565
11	62533261
11	62548717
11	62589684
11	62602481
11	62608918
11	62623214
11	62624771
11	62850775
1	163280343
1	163292217
1	163296194
1	163314250
1	16333606
11	63772000
11	63907435
11	63965771
11	63992706
11	64027468
11	64033748
11	64052447
11	64085063
11	64153749
11	64350823
11	64499135
11	64510898
11	64517039
11	64554372
11	64785501
11	64798006
11	64847363
11	65016838
11	65018714
11	65045461
11	65087533
11	65094583
11	65095662
11	65111117
1	16530049
11	653185
11	653248
1	16533022
1	16541962
1	16551373
1	165600267
1	165609300
1	165616963
11	65640562
11	65646557
11	65651830
1	165651916
11	65654665
11	65655393
11	65661118
11	65662436
11	65747057
1	16581832
1	16639393
11	66401373
11	66404210
11	66471733
11	66499056
1	166641996
11	66653380
11	67195152
11	67222605
11	67257556
11	67376863
11	67398730
11	67411830
11	67855486
1	168149572
1	168169452
1	168170853
1	168327481
11	68522053
11	68646845
11	68653267
11	68654182
11	68659488
11	68662167
11	68812781
11	68817229
11	68823707
11	68837265
11	68855233
1	16890176
11	69025799
11	69029210
1	169101273
11	691240
1	169126895
1	169135429
1	169225213
1	169256524
1	169270744
1	169286792
1	16957438
11	695842
1	169816201
1	169928110
11	70113723
11	70180285
11	70233971
1	170847757
11	70972869
11	71138918
11	71180783
11	71181473
11	71182761
1	171585385
1	171714002
1	171716779
1	171729930
1	17267994
11	73488246
1	17349830
11	73545581
11	73551156
11	73558231
1	173568501
11	73568982
11	73636213
11	73680776
11	73681090
11	73684073
11	73684433
11	73690663
11	73734374
1	173824955
11	74006549
11	74113389
11	74426368
11	74447638
1	174508601
11	74532594
11	74550956
11	74560117
11	74579749
11	74594323
11	74618701
11	74694029
11	74706502
1	174832176
11	75224900
11	75228531
11	75248708
11	75994115
11	76568902
11	76688065
11	76708086
11	76711081
11	76740471
11	77476180
11	77645210
11	77651673
11	77675545
11	77805163
11	77829116
11	77850824
11	77872876
11	78286582
11	78358588
11	78374111
11	784527
1	179041398
1	179846123
11	8025341
1	181023708
1	181024863
1	181025110
1	181394612
1	181396019
1	181397901
11	82605930
11	82630326
11	827713
11	83030180
11	833668
11	833818
11	833821
1	183474850
1	183522752
11	835622
11	835719
11	8400326
11	840302
11	840604
11	842099
1	184912737
1	184916211
11	85498447
11	85561828
11	8585152
11	86068983
11	8615886
11	8923698
11	9012910
1	191608142
11	93018990
11	93488092
11	93490307
11	93491179
11	93498126
11	93501093
11	93540556
11	93917192
11	93923220
11	93927529
11	9405891
11	94233959
11	94305637
11	94335077
11	94338912
11	9486063
11	9493973
11	9503432
11	95510508
11	95531719
1	19566296
11	9589840
11	9628802
11	9629553
1	19630143
11	9637716
1	19643223
11	9645839
11	9646976
1	200597650
1	200824730
1	20100113
1	201374653
1	201476280
1	201954987
1	201965661
1	20505790
1	205304699
1	205653975
1	205720483
1	205773379
1	205792680
1	206237557
1	206271884
1	206945311
1	207110415
1	20762242
1	2082814
1	20918338
1	209958350
12	100450268
1	210152120
12	10152364
12	101810773
12	102081098
12	102084005
12	102087014
12	102089043
12	102092989
12	10225028
12	102250550
12	102270485
12	102294151
12	102323469
12	102424073
12	102461089
12	102602954
12	10277779
12	10353864
12	105222396
12	105280688
12	105369949
12	105430208
12	105439283
12	105642312
12	105700510
12	105764311
12	105784461
12	106614315
12	106751805
12	107367576
12	107423180
12	108712532
12	108713584
12	109588787
12	109886603
12	109890080
12	110013639
12	110029008
1	21100836
12	110317083
12	110343157
12	110343901
12	110396885
12	110463076
12	110883796
12	11175733
12	111877737
12	111882354
12	111924422
12	11199613
12	112060842
12	112060866
12	11207555
12	112202636
12	112252052
12	112252649
12	112378371
12	112406771
12	112406811
12	112576280
12	11272192
12	11307552
12	113351520
12	113357193
12	113358106
12	113361117
12	113361237
12	113421869
12	113756252
12	113771941
12	113804833
12	113858310
12	119565740
12	120109284
12	120690511
12	120745911
12	120751456
12	120767285
12	120881348
12	120895901
12	120954851
12	120955739
12	120970767
12	121005958
12	121029236
12	121093655
1	2121118
12	121152696
12	121452249
12	121459536
12	121472167
12	121680460
12	121684286
12	121755967
12	121917626
12	122213144
12	122214162
12	122225225
12	123741776
12	123912592
12	124102871
12	124105925
12	124144793
12	124173601
12	124250834
12	124358816
12	124865875
12	125510114
12	12622940
12	12624777
12	12842245
1	212872553
1	212875057
1	212939848
1	212945108
1	213011812
1	213012471
1	213036433
1	213039239
1	213039379
1	213048952
1	213078314
12	131201565
12	13211535
12	132218042
12	132360190
12	132415941
12	13243168
12	132552494
12	132563007
12	132580347
12	132583556
12	132613988
12	132625643
1	2133047
12	133214517
12	133236746
12	133262001
12	133284314
12	133363006
12	133379669
1	213840226
1	2138679
1	214486472
12	14956716
1	21566525
12	1640774
12	168566
1	21743778
1	217620203
1	21763132
1	21765211
1	21793239
1	21797561
1	218458551
1	218463643
1	218487460
1	218912808
1	219319818
1	220255522
1	22052246
1	22054262
1	22076638
1	22082664
1	220883387
1	220884498
1	22088841
1	220892012
1	220941444
1	22105568
12	21666004
12	21669855
12	21671107
12	21692949
12	21699508
12	21722014
12	22217864
12	22689279
1	222729108
12	22731440
1	222772594
1	222794232
1	222845411
1	222862922
1	222879367
1	224272965
1	224287559
1	224289960
1	224302955
1	224326348
1	224335497
1	224398910
12	25349598
12	25370410
1	226038188
1	226054714
1	226100768
1	226358592
12	27111966
12	27124528
1	227918562
1	229616599
1	230823443
1	231028032
1	231100257
1	231107041
1	231122413
1	231147920
1	231486908
1	231495255
1	231501508
12	32121634
12	32837641
1	233089728
1	233091463
1	234303797
1	234507977
1	234509858
1	234515265
1	235384205
1	235485768
1	235549601
1	235550602
1	235565315
1	235583715
1	235647631
12	373079
1	23770516
1	23775162
12	38717472
12	38815273
12	39620242
1	24152163
12	4499356
1	245126010
1	245180866
1	245208619
1	245232973
12	45826005
12	46583949
12	46585492
12	46591047
12	46591337
1	246598628
12	46603508
1	246909805
1	246918597
1	246918767
1	246922390
1	246935011
1	246955482
1	247002697
1	247109468
1	247112902
12	4713550
12	4713709
1	247163187
1	247171390
1	247241850
1	247664562
12	48036696
12	48110613
12	48166458
12	4825682
1	248632143
1	248780580
12	48836889
12	48858935
12	48883020
12	48887820
1	2488930
12	48926929
12	49230035
12	49249584
12	49277828
1	2497678
12	50022616
12	50034668
1	2503575
12	50389277
12	50583264
12	50587263
12	51478076
12	51483685
12	51487223
12	51515312
12	51744407
12	517564
12	52471587
12	52708420
12	52807590
12	53172433
12	53669821
12	53710476
12	53778764
12	54501180
12	54954356
12	55353559
12	55354192
12	55410278
1	25580095
12	56111667
12	56594499
12	56597583
12	56680745
1	25668366
12	56699429
12	56818983
12	56831205
12	56838441
12	56861458
12	56863564
12	56863770
12	56865056
1	25688276
12	56913415
12	56918834
12	56930383
12	57146069
12	57489648
12	58165085
12	58167193
12	58174306
12	58182050
12	58206498
12	58208164
12	58313144
12	58331514
12	58337671
1	25876238
12	60129896
12	60156621
1	26466189
12	64681540
1	26472263
12	6492649
12	6493351
1	26497340
12	6504773
12	65112826
12	65113589
12	6562293
12	6564210
12	6565750
12	6568572
12	6569545
12	6572048
12	6573146
12	6583403
12	6588445
12	6594059
12	6639115
12	6640676
12	66492511
12	66509607
12	66542503
12	66554822
12	66562814
12	6663375
12	6715422
1	26747292
1	26805002
12	6830246
1	26899444
12	69080728
12	69280334
12	6954812
12	6962300
12	6975043
12	6975770
12	69761839
12	6976685
12	69768447
12	6977275
12	69783230
12	69784986
12	6982162
12	7005323
12	7014076
12	70181427
12	7018660
12	7020686
12	7022359
12	70260858
12	7032451
12	7047583
12	7085107
12	7105102
12	7185907
12	72102884
12	72134957
12	72226611
12	72276491
12	7326541
12	7331502
12	7334813
12	7335420
12	7353790
1	27543523
12	75737206
12	75760983
1	2802562
12	8258049
1	28707813
1	28724209
1	28745642
12	9065226
12	92820493
12	92826460
12	92826597
12	9509142
12	95323454
12	95391012
12	95396906
12	95397552
12	95666098
12	95694394
1	29730258
12	99023422
13	100310109
13	100518634
13	101346042
13	101371387
13	101378195
13	103236281
13	103299232
13	103334665
13	103378854
13	111129168
13	111297699
13	111332133
13	113555234
13	113717201
13	113931854
13	114267886
13	115020309
13	115063943
13	115064423
13	115079681
1	31970100
13	19857660
13	20764074
13	21004351
13	21105379
13	21242503
13	21306113
13	21892595
13	21934756
13	22067681
13	22101691
13	24612191
13	24954475
13	25469611
13	25512387
1	32583945
1	32597665
13	27643597
13	27971290
13	27998769
13	27999457
13	28024687
13	28123504
13	28163123
13	28194562
13	28198098
13	28266266
1	32829281
13	31905606
13	31905641
13	31909791
13	31912892
13	32994724
13	33070342
13	33091241
13	33104785
13	33123928
13	33161459
1	33398049
1	33478563
13	35507811
1	33886432
13	39641181
13	40212046
13	42268265
13	42281247
13	42406884
13	42440981
13	42469725
13	43089783
13	43550243
13	43566373
13	43586304
13	44838721
13	45550796
13	45970108
13	48388182
13	48486064
1	34869535
13	50083656
13	50266109
13	50266544
13	50283389
13	50314004
13	50581331
13	52319678
13	52328361
13	52331597
13	52343391
13	52343635
13	52345637
13	52462348
13	52470485
1	3525532
13	52905372
1	3540152
1	35447209
1	3546264
1	35466330
1	3572732
1	3574419
13	60383276
1	36450565
1	36489977
1	36490186
1	36537640
1	36897825
1	36897853
1	36901466
1	36902186
1	36904259
13	73342640
13	73469691
13	75874521
13	75874524
13	76171999
1	37986192
1	37998578
1	38049552
1	3810386
1	3812122
1	38385851
1	38387189
1	38431891
1	38461319
1	39380385
1	39465139
1	39477294
1	39479413
1	39487222
1	39488748
1	39496819
1	39511832
1	39682662
1	40205127
1	40210055
1	40215177
1	40216234
1	40226743
1	40229368
1	40242929
1	40248288
1	40287819
1	40321194
1	40349333
1	40509546
1	4072106
1	40943714
1	40951214
1	40952092
14	100769851
14	100993130
14	102691854
14	102813470
14	103980644
14	103999508
14	104004968
14	104034647
14	104113482
14	104162376
14	104186052
14	105223525
14	105229646
14	105233408
14	105239192
14	105450002
14	105454126
14	105482279
14	105506249
14	105506303
14	105636587
14	105637258
14	105639041
14	105966019
14	106000214
14	106372635
14	106449772
14	106731239
14	107170949
14	20767706
14	20769294
14	20775186
14	20786009
14	20814865
14	20914140
14	20916249
14	20922332
14	20923323
14	20955163
14	20957922
14	21286915
14	21565146
14	21959550
14	21962672
14	21968505
14	22950491
14	23053098
14	23067931
14	23068419
14	23273114
14	23278003
14	23278643
14	23321359
14	23368887
14	23369994
14	23381518
14	23408567
14	23415528
14	23425705
14	23927928
14	23940089
14	24027646
14	24433294
14	24437362
14	24451237
14	24475318
14	24476041
14	24477942
14	24478799
14	24557642
14	24594114
14	24594733
14	24610733
14	24679311
14	24689099
14	24756189
14	24758641
14	24801325
14	24904602
14	24915980
14	24916304
14	24916606
14	24927935
14	24980087
14	25144045
14	27621820
1	42870895
1	42897785
1	42910347
1	42948562
1	43009863
14	30324977
1	43054894
1	43238451
1	43267130
1	43272841
1	43280038
14	34977932
14	34991487
14	34993307
14	35020545
14	35316589
14	35546750
14	35546797
14	35550121
14	35591174
14	36432443
14	37195336
1	43760940
1	43766537
1	43808605
1	43824405
1	43948774
1	44020526
1	44372827
1	44456742
14	45366515
14	45666970
1	44597200
1	44710823
1	44721739
1	44750269
1	44754588
14	50039821
14	50042841
14	50073367
14	50097458
14	50105746
14	50129515
14	50186749
14	50620393
14	50751565
14	50786662
14	50798037
14	50798665
14	50799126
14	51154779
14	51724977
14	54960907
14	55051548
14	55717412
14	55834462
14	57673754
14	57679807
1	45802670
1	45834773
1	45850319
14	58748452
1	45908782
14	59473819
1	45985860
14	59958850
1	46026397
1	46028377
14	61407238
14	61494460
14	61512326
1	46159814
14	63805486
14	63841403
14	63842235
1	46441478
14	64695087
14	64744693
14	64792764
14	64845072
14	64873996
14	64955671
14	64960562
14	65388711
14	65389250
14	65395625
14	65400745
14	65431956
14	65436200
14	65439005
14	65445258
14	65446673
14	65500149
14	65555471
14	67757951
14	67770416
14	67851084
14	68132626
1	46813543
14	68161233
1	46818288
1	46822160
1	46842504
14	70609793
14	71076908
14	71203231
1	47135993
1	47138819
1	47191164
14	73364901
14	73393391
14	74028137
14	74044260
14	74058832
14	74076994
14	74087941
14	74486079
14	74557608
14	74558476
14	74666944
14	74666977
14	74827305
14	75446879
14	75471802
14	75476071
14	75479894
14	75484855
14	75487568
14	75496699
14	75533084
14	75533929
14	75566915
14	75591478
14	75629782
14	76036699
14	76167846
14	76264894
14	76404241
14	76416058
14	76604758
14	76641271
14	76660887
14	76662370
14	77147676
14	77582643
14	78023519
1	47809739
14	78292718
14	78302937
14	78370882
14	88071188
14	88437216
14	89035359
14	89056699
14	89287919
14	90407371
14	90459569
14	90504530
14	90734048
14	92292769
14	92297025
14	92339908
14	92585205
14	92585332
14	92585587
14	92585838
14	94425654
14	94504136
14	94571778
14	94573251
14	94595989
14	94809533
14	94813142
14	94821703
14	94822325
14	94823010
14	94834336
14	95253771
14	95545289
14	95998364
14	96157698
14	96749381
14	96805751
14	96821396
14	96829850
14	96842676
15	100026118
15	100052605
15	101094127
15	101374035
15	101379378
15	101610294
1	51868063
1	51898259
1	52004768
15	20550427
15	22509481
15	23121977
1	52377787
1	52473457
1	52532634
1	52568781
1	52606486
1	52649875
1	52818188
15	30402106
1	53064012
15	31229463
1	53148680
1	53194533
1	53259559
1	53263038
15	32930505
15	33048539
1	53392908
1	53396842
1	53424871
15	34316340
1	53432786
15	34412841
15	34502275
15	34630886
15	34636734
15	34639826
15	35386732
1	53679878
1	53684324
1	53684924
15	36877353
1	53707953
15	40200679
15	40330564
15	40369245
15	40597229
15	40702256
15	40710723
15	40816481
15	40859277
15	40864463
15	40995335
15	40996868
15	41007555
15	41019110
15	41025275
15	41099349
15	41099899
15	41103797
15	41104817
15	41112065
15	41124193
15	41676510
15	41682896
15	41686020
15	41687824
15	41815649
15	41817367
15	41819896
15	41829550
15	41847176
15	42009349
15	42129176
15	42202770
15	42358580
15	43180056
15	43452288
15	43478113
15	43529630
15	43534922
15	43543258
15	43553982
15	43560607
15	43567027
15	43581298
15	43596210
15	43597407
15	43606494
15	43622916
15	43638525
15	43645474
15	43920678
15	43988604
15	44024490
15	44060883
15	44070029
15	44084282
15	44091386
15	44185332
15	44868801
15	45010012
15	45026486
15	45103130
15	45113119
15	45113599
15	45117118
15	45120070
1	54562444
15	45648483
15	45685616
15	45729123
1	54574676
15	45933179
15	45937625
15	45976156
1	54802523
15	49586284
15	49948634
15	49952940
15	50018378
15	50919325
15	51393545
15	51777231
15	52587740
15	52784205
15	52795799
15	52816892
15	52817012
15	52828196
15	54323666
15	55588876
15	55590228
15	55658502
15	56499109
15	56814218
15	59903503
15	59904311
15	59911421
15	63339271
15	63589972
15	63591902
15	63748484
15	64175305
15	64346766
15	64371404
15	64648186
15	64734339
15	65008034
15	65048512
15	65160050
15	65273754
15	65713691
15	65797005
15	65876969
15	65994733
15	66067206
15	66098057
15	66099113
15	66552066
15	66572692
15	67822172
15	67835059
15	67912351
15	69589018
15	72556799
15	72784482
15	72815066
15	72821261
15	72829049
15	74930402
15	75144543
15	75218575
15	75269021
15	75285626
15	75288610
15	75318482
15	75637396
15	75728474
15	75846346
15	75871521
15	75885430
15	75893088
15	75928022
15	75930199
15	78422588
15	78448252
15	78792527
15	78911181
15	79231518
15	79231523
15	79232319
15	79234384
15	79603489
15	80184171
15	80211597
15	80218038
15	80442348
15	81612117
15	81616177
15	81657445
15	82501613
15	82530063
15	82533268
15	82571201
15	82690851
15	83647483
15	83689704
15	86221883
15	86248029
15	86261659
15	86292706
1	59011003
1	59011009
15	90375458
15	90375718
15	90379008
15	90433474
15	90455823
15	90774039
15	90776038
15	90780231
15	90797010
15	91557674
1	59389594
1	5941435
15	96585028
16	100956
16	101263
16	10762018
16	10764391
16	10766662
16	10774899
16	11043460
16	11212681
16	11383519
16	11424056
16	11437779
16	11439303
16	11444716
16	11449776
16	1168950
16	12042451
16	1360601
16	1361167
16	1363878
16	1372582
16	1375789
16	15076478
16	15177695
16	15768230
16	15820863
16	15821246
16	1583634
16	15948632
16	160668
16	1623473
16	16235939
16	16237754
16	1665110
16	1692902
16	1863104
16	1872160
16	1879065
16	1881145
16	1887016
16	1887108
16	1895677
16	19096025
16	1911480
16	1913161
16	1921217
16	19505990
16	19512266
16	19526476
16	19536640
16	19538001
16	19567194
16	19571317
16	19575834
16	19588056
16	19589695
16	19705182
16	19758650
16	19812889
16	2003425
16	2028914
16	2029152
16	2037894
16	2046432
16	2051282
16	20729224
16	20792388
16	20829746
16	21190092
16	21194087
16	21318957
16	2162979
1	62182897
1	62189541
16	22655012
16	231981
16	23412897
16	23420409
16	23420943
16	23440704
16	23537431
16	23551033
16	23554760
16	237239
16	23852065
16	2459934
16	24882872
16	24918530
16	2510603
1	62652358
16	2660755
1	62661505
1	62693352
16	2711446
16	27281891
16	27565959
16	27788905
1	62779555
16	2788024
16	28100913
16	28111315
16	28331299
16	28530228
16	28555751
16	28708452
16	28837515
16	28968547
16	28973268
16	28988269
16	28995757
16	2913698
16	2929172
16	2932969
16	2943780
16	2945171
1	6296011
1	6296621
1	6296794
1	6297592
16	29844279
16	29874935
16	30107781
16	30141847
16	30516492
16	30572096
16	30611451
16	3063423
16	30666367
16	30931968
16	31118448
16	32380297
1	63311836
16	336396
16	337017
16	345230
16	3576396
16	3630695
16	3677348
1	63825745
1	63890445
1	63945931
1	63955960
1	63958696
1	64054679
1	64073812
1	64075150
16	412393
16	412984
16	414926
16	417629
16	418462
16	420723
16	420907
16	423750
16	427349
16	427516
16	429198
16	4436707
16	444276
16	445021
16	4453319
16	450759
16	451170
16	4511926
16	451306
16	4523025
16	4523167
16	4530224
16	459422
16	462881
16	48060750
16	48115420
16	48292513
16	48390512
16	48411817
16	50078502
16	50112794
16	50129265
16	50702232
16	50704675
16	5075226
16	5075248
16	5107160
16	5129892
16	5133606
16	5135380
16	5135947
1	65263607
1	6557293
16	56315359
16	56407023
16	56418615
16	56419303
16	56430571
16	56436246
16	56465661
16	56485871
16	56488565
16	56506126
16	56523716
16	56542121
16	56554013
16	56570334
16	56573388
16	56655958
16	56665516
16	57216358
16	57222427
16	57241745
16	57295959
16	57486047
16	57499319
16	57506915
16	57510414
16	57521274
16	57522942
16	57526005
16	58147687
16	58254250
16	58258863
16	58261056
16	58547511
16	58563708
16	58602589
16	58700352
16	58738806
16	58742462
16	58805858
16	604283
16	604554
16	605651
16	625808
16	66295940
16	66503705
16	66512824
16	66538067
16	66567650
16	66584002
16	66595842
16	66603271
16	66630552
16	66870500
16	66889718
16	66930706
16	67206173
16	673454
16	67459078
16	67476572
16	67583466
16	67919362
16	68008020
16	68342045
16	68344363
16	68345684
16	68383047
16	68387341
16	68564448
16	68580385
16	68606082
16	68609438
16	686337
16	69196015
16	69210661
16	69329590
16	69350035
16	69417047
16	69668130
16	69714641
16	70160181
16	70162126
16	70181849
16	70188053
16	70188257
16	70189855
16	70199541
16	70386466
16	70501314
16	70548219
16	70557530
16	70574982
16	70790614
16	70827888
16	71381021
16	72097827
16	72126276
16	72132064
16	72147666
16	72152755
16	733441
16	741688
16	75472827
16	77154226
16	77233338
16	77233905
16	77234121
16	772645
16	78312497
16	785235
16	785237
16	808459
16	81044142
16	81044947
16	81049976
16	81056370
16	81056441
16	817241
16	82203786
16	83379651
16	84150558
16	841625
16	841966
16	842686
16	84506590
16	84509396
16	84511325
16	84512578
16	84691823
16	84693675
16	85809290
16	85812631
16	85815309
16	85828366
16	86555909
16	86564226
16	86566342
16	86571997
16	87737628
16	87741662
16	87792392
16	88218317
16	88780023
16	88875686
16	88878176
16	88922989
16	88925567
16	88928290
16	88928417
16	89220973
16	89561475
16	89596557
16	89603064
16	89603586
16	89603698
16	89607679
16	89616558
16	89620148
16	89628621
16	89629819
16	89629928
16	89631665
16	89793115
16	89793555
16	89865242
16	89866043
16	89873227
16	90069716
16	91309
16	9212987
16	9222411
16	9231329
16	94919
16	99702
1	70764378
1	70820802
1	70853028
1	70853496
17	10587891
17	13404694
17	1368823
17	15616331
17	15618998
17	15620647
17	15621079
17	15737924
17	15881740
17	16128869
17	16933983
17	16962811
17	17038969
17	17050573
17	17199457
17	17208232
17	17208703
17	17904325
17	17915046
17	17973740
17	18263957
17	18268941
17	18269099
17	18270686
17	1854111
17	18678548
17	19540324
17	19576291
17	19601935
17	19648271
17	203345
17	21049306
17	21113836
17	2167368
17	2168104
17	2170655
17	2207326
17	25639046
17	25640363
17	259648
17	260142
17	26605651
17	26692206
17	26697521
17	26712804
17	26908096
17	27610597
17	27645258
17	27911953
17	28911492
17	28964461
17	29000658
17	29298413
17	29298909
17	29308272
17	29723232
17	29786440
17	30192245
17	30195425
17	30210913
17	30220978
17	30372892
17	30467516
17	30659006
17	30691051
17	30725132
17	30777924
17	33052087
17	33204746
17	33224331
17	33288269
17	33296249
17	33301215
17	33405764
17	33570441
17	33571546
17	3400088
17	34842521
17	34850623
17	34855702
17	34868226
17	34872448
17	34892372
17	34952591
17	34961051
17	35722007
17	35815470
17	35832976
17	35850041
17	35874041
17	35891384
17	35905149
17	3605512
17	3612171
17	3619464
17	3625582
17	3627473
17	3631241
17	36458839
17	36906480
17	36932200
17	36962689
17	36963260
17	36983461
17	37006921
17	37034818
17	37807622
17	37834367
17	37960017
17	38020419
17	38029120
17	38055921
17	38062942
17	38070071
17	38182844
17	38350730
17	38352241
17	38352743
17	38773947
17	38779942
17	38782343
17	38820241
17	39003993
17	39163041
17	39632340
17	39845229
17	39893320
17	39985330
17	39986484
17	39989662
17	39992584
17	39993222
17	40002927
17	40100684
17	4019984
17	40262472
17	40264125
17	40264661
17	40278081
17	40278522
17	40648096
17	40960253
17	41116565
17	41198774
17	41244936
17	41316747
17	41317896
17	41318153
17	41420143
17	41650099
17	42015695
17	42067821
17	42092328
17	42202805
17	42245241
17	42254281
17	42256224
17	42256604
17	42258965
17	42334012
17	42886459
17	4476581
17	44819595
17	45023874
17	45024027
17	45032695
17	45471083
17	45884846
17	46143515
17	46174070
17	46174715
17	46175622
17	46184093
17	46216676
17	46620288
17	46724258
17	46902595
17	46912412
17	46935340
17	46970259
17	46988044
17	47024829
17	47026697
17	47280915
17	47299789
17	48158049
17	48195937
17	48445674
17	48445699
17	4844881
17	4845768
17	48458925
17	4848450
17	48621453
17	48624523
17	48625928
17	4876327
17	49217891
17	49231627
17	49237952
17	49243859
17	4930509
17	4985233
1	75174145
1	75193271
1	75199299
1	75203801
1	75266479
17	5295001
17	5297457
17	52986845
17	5299527
17	5302510
17	53030584
17	5305126
17	5334235
17	53477586
17	54059541
17	54126163
17	55535460
17	56427859
17	56429815
17	56431530
17	56432362
17	56432743
17	56654850
17	56769887
17	56778328
17	56853833
17	57032240
17	57058710
17	57090236
17	5797281
17	58005749
17	58074786
17	58156330
17	58156427
17	58160568
17	58168222
17	61697372
17	61801806
17	61852186
17	61855667
17	61916953
17	61926613
17	61952673
17	61996476
17	62005645
17	62006432
17	62014697
17	62015230
17	62093750
17	63555609
17	63556290
17	63560291
17	6538963
17	654603
17	65689619
17	65693929
17	65985643
17	66249979
17	6953155
1	76966447
17	70212
17	70908809
17	71201018
17	7137950
17	7143838
17	7145229
17	7145981
17	7208197
17	7209386
17	7215536
17	72863030
17	72874252
17	72876155
17	73010016
17	73105958
17	73203788
17	73242895
17	73242935
17	73246020
17	73256305
17	73261276
17	73293475
17	73792401
17	73873394
17	73873656
17	73874071
17	74061518
17	74267235
17	74270069
17	74281391
17	74311564
17	74702279
17	74706224
17	74706346
17	74706433
17	74707086
17	74710783
17	76092553
17	76106150
17	76132065
17	76133746
17	76137477
17	76162178
17	76203652
17	76284954
17	76698950
17	76746883
17	76747556
17	76777694
17	76793825
17	76793935
17	76909973
17	77115472
17	7769705
17	77730479
17	77752910
17	78083626
17	78147095
17	78184679
17	78209266
17	78364519
17	78400309
17	78719962
17	78849921
17	78944104
17	79065650
17	79506890
17	79508263
17	79508400
17	79516050
17	79519382
17	79524903
17	79548401
17	79561803
17	79586227
17	79598346
17	79606612
17	79635511
17	79635649
17	79649515
17	79667663
17	79681220
17	79687736
17	79699818
17	79995320
17	8009904
17	80202204
17	80222584
17	80224764
17	80374899
17	80394080
17	80572628
17	80674839
17	80680394
17	80787871
17	80817068
17	80835308
17	80851100
17	80905299
17	80914988
17	81009636
17	81011272
17	81013756
17	81039239
17	8173767
17	8178328
17	8189569
1	78331226
1	78460935
17	846992
1	7851637
17	8706744
17	903163
17	905386
1	79065965
17	9299982
1	7962954
1	7973343
1	808631
18	10951824
18	10955299
18	10970657
18	11884069
18	11918750
18	12301648
18	12303016
18	12304781
18	12386771
18	13676444
18	14081244
18	177633
18	19356458
18	19412531
18	19462040
18	19479389
18	20880290
18	20892760
18	21067076
18	23344414
18	234473
18	23509048
18	23676404
18	23740118
18	23770264
18	248912
18	28807150
18	311288
18	3246455
18	3248923
18	3251034
18	32835598
18	32915176
18	33079697
18	33519443
18	33568218
18	33611467
18	33751012
18	34361762
1	84359224
18	44337708
18	44337725
18	44485297
18	44646664
18	44687906
18	44689234
18	44735522
18	46749059
18	46785209
18	48401284
18	48420937
18	48454796
18	48467631
1	84906386
1	84955233
1	85000267
1	85038301
1	85049571
1	85050110
18	519226
18	5374504
1	85422662
1	85433446
1	85436118
18	54371612
1	85446263
18	54522865
1	85464736
18	54704177
18	55215573
18	55238820
18	55399331
1	85730595
1	85732559
18	59706797
18	59707291
18	59707352
18	59710156
18	59800965
18	59836405
1	85985651
18	59946568
18	61471523
18	61620406
18	61620766
18	61625358
18	61628258
18	61629397
1	86182083
1	86183224
1	86195106
1	86199589
1	86245155
18	657474
18	659829
18	668038
18	67230223
18	675822
18	676008
18	679208
1	86823503
18	691439
18	70580126
18	71943195
18	71961673
18	72169129
18	72169723
18	72177232
18	72980873
18	74723459
18	74727503
18	77425813
18	911381
1	89453966
1	89455980
1	89474818
1	89481583
1	89487524
18	9537897
18	9538483
1	89547711
18	9709389
18	9710554
18	9710887
18	9710914
18	9939479
18	9946211
18	9952527
1	89974443
1	90177852
1	90196552
1	90235185
19	1035959
19	10370654
19	1038222
19	1038445
19	1038871
19	1038995
19	10416444
19	1093668
19	1105621
19	1106477
19	11297332
19	1133818
19	11525586
19	11701026
19	1218219
19	1225547
19	12425725
19	12724256
19	1275368
19	12764451
19	12796435
19	12814480
19	13010520
19	13036770
19	13071082
19	13265986
19	13274086
19	1357082
19	1377173
19	13891462
19	1395301
19	14572637
19	14669419
19	14681494
19	1471617
19	1474226
19	15643525
19	15654669
19	16320430
19	1706615
19	17170885
19	17340155
19	17347064
19	17374726
19	17398487
19	17412585
19	17415598
19	17483721
19	17513981
19	17518292
19	17569372
19	17674874
19	18043377
19	18085450
19	1811408
19	18193492
19	19388071
19	19425141
19	19432959
19	19462606
19	19466269
19	19575965
1	91965850
19	19949209
19	20014925
1	92013320
19	2123516
19	21550959
19	21591686
19	2723612
19	2732741
19	2904629
19	2912194
1	92920531
19	2936535
19	2977599
19	2979555
19	2981487
19	30182386
19	30188521
19	3172905
19	3176075
19	3212796
19	3216155
1	93239824
19	32610658
19	32938681
19	33073649
1	9331629
1	9331786
1	9331973
19	33373922
19	33376519
1	9333935
19	33404353
1	9334362
19	33550113
19	33890170
19	3545882
19	35764965
19	35766595
19	35768828
19	35771517
19	35771850
19	35794775
19	35845762
19	35954565
19	36151863
19	36178304
19	36179114
19	36230174
19	36235928
19	36250259
19	36257316
19	3677580
19	3683928
19	3688524
19	3693957
1	93717746
19	3759088
19	3762698
19	3762926
19	37631812
19	3763575
1	93811569
19	38185876
19	38229185
19	38255337
19	38317388
19	38427528
1	93848560
1	93858125
19	38754988
19	39191383
19	39223402
19	39331844
19	39354251
19	39366814
19	39367448
19	39369635
19	40033608
19	40174870
19	40203167
19	40948403
19	40951346
19	41235120
19	41252556
19	41255889
19	41636821
1	94169844
19	41736054
19	41888850
19	41903699
19	41987448
19	42092815
19	42434050
19	42434316
19	42455840
19	42463447
1	94331015
19	43968269
19	43981667
19	44013943
19	44036339
19	44043918
19	44044193
19	44048994
19	44079687
19	44081862
19	44174419
19	44238152
19	44348805
19	44351694
19	44361160
19	44427764
19	44610665
19	4512847
19	45913987
19	46030154
19	46030692
19	46035966
19	46038039
19	46042596
19	46105198
19	46190531
19	46195051
19	46520026
19	4655863
19	4670165
19	46963827
19	46974399
19	46974652
19	46974752
19	46974762
19	46975520
19	47862763
19	47885541
19	47898702
19	48607385
19	48613674
19	48615155
19	48640234
19	48651081
19	48651605
19	48681987
19	48823545
19	49130070
19	49295770
19	49436926
19	49449642
19	49458570
19	49596153
19	49643096
19	49817284
19	49955615
19	49964805
19	50013773
19	50018255
19	50046036
19	50059982
19	50194845
19	50237150
19	50369514
19	50404939
19	50466294
19	50466438
19	50467654
19	50479141
19	50484571
19	50495850
19	50533108
19	50539226
19	51293004
19	51295858
19	51306792
19	51312979
19	51332311
19	52134835
19	53120249
19	53134276
19	53135758
19	53141625
19	53352165
19	534419
19	53586145
19	53586324
19	53586771
19	53587480
19	53595621
19	53852320
19	53857438
19	54142951
19	54331580
19	54605900
19	54981997
19	54982605
19	55146462
19	55286774
19	55465710
19	55474189
19	55474213
19	55844891
19	55906142
19	5599784
19	56284833
1	95642917
1	95691579
19	57055000
19	57192247
19	573205
1	95732842
19	57537366
19	57652791
19	5782654
19	57835850
19	57843482
19	57843589
19	5784370
19	57843920
19	57844197
19	57845448
19	5785113
19	57855469
19	5789013
19	5799037
19	58071195
19	58092006
19	58143600
19	58144527
19	58147563
19	58151773
19	581633
19	58246176
19	58250042
19	58274425
19	58281192
19	58286059
19	58354935
19	58651296
19	58686991
19	58975219
19	58979958
19	58999821
19	59000215
19	59000273
19	5903413
19	59101970
19	624683
19	633381
19	636375
19	6363782
1	9664821
19	6925946
19	7029060
19	706925
19	7550060
19	7553849
19	7659693
19	7661890
19	7688838
19	7702575
19	7705300
19	7710210
19	8325616
1	98355008
19	8439467
19	8567539
19	861421
19	8898287
1	99127205
1	99151224
19	9264401
19	9273321
19	9274524
1	99296418
19	9302143
19	941423
19	9434872
19	9449888
19	9527073
1	99844232
19	984554
19	986252
19	990702
19	990819
19	9942663
19	998798
20	10385849
20	1151849
20	1154070
20	1350366
20	1350709
20	13737630
20	1420336
20	1422348
20	1422801
20	1430550
20	1585501
20	16553107
20	16710791
20	17973799
20	18131766
20	18168935
20	18501620
20	18551994
20	18567410
20	18574685
20	18607243
20	18785652
20	20008581
20	20028172
20	221814
20	223656
20	23332297
20	23363989
20	23627924
20	23661437
20	24059916
20	25234166
20	25259807
20	25264196
20	25343258
20	25351071
20	25373779
20	25442049
20	25547439
20	25701064
20	283535
20	30721053
20	3079001
20	3135714
20	316853
20	3170939
20	31848691
20	3195627
20	3209371
20	32657378
20	32672949
20	32853799
20	32889893
20	33364584
20	33392309
20	33440751
20	33489906
20	33565169
20	33566499
20	33571228
20	33615255
20	33622242
20	33634479
20	33662888
20	33872585
20	33873826
20	33995780
20	34068695
20	34212327
20	34278844
20	34294409
20	34298163
20	34305445
20	34315505
20	34378629
20	35817023
20	35838372
20	35840888
20	35846162
20	35916966
20	35945117
20	3596544
20	36780113
20	3734167
20	37392789
20	391025
20	391381
20	392335
20	39288490
20	39928511
20	42089511
20	42097023
20	42097145
20	42216263
20	43508165
20	43568766
20	43571011
20	43587865
20	44432988
20	44480172
20	44539492
20	44540966
20	44564682
20	4790574
20	4806594
20	5070020
20	52679946
20	54910523
20	54980467
20	56940153
20	57291983
20	57564695
20	5757969
20	57618802
20	5999437
20	6001711
20	6003893
20	6005634
20	6020389
20	60711044
20	60712284
20	60715677
20	60727032
20	60729040
20	60880653
20	60965586
20	60965677
20	61426293
20	61470582
20	61482306
20	61490046
20	61493948
20	61497288
20	61515556
20	62133292
20	62592903
20	62603060
20	62638992
20	62648972
20	62695931
20	633968
20	643919
20	6732186
20	7968820
20	7969602
20	7981235
20	814151
20	817196
2	10031756
2	100480951
2	101731157
2	10190115
2	101940517
2	105680092
2	105680566
2	105682857
2	109065858
2	109381438
2	109390116
2	109491020
2	109615719
2	109628712
2	110263882
2	110973612
2	110977357
2	111883196
2	11301401
2	113036839
2	113961479
2	113992800
2	113994417
2	11425967
2	11485457
21	15899275
2	118509348
2	118511860
2	118542042
21	18978415
21	19153751
21	19155806
21	19156222
21	19156630
2	120149587
2	120418489
2	120421947
2	120431274
2	120438515
2	120439459
2	12048634
2	121018537
2	121022740
2	121030749
2	122359905
2	122492139
2	122508782
21	26945841
21	26995975
21	27004699
2	127842607
2	128476484
2	128522203
2	128587743
2	128597565
2	128626355
2	129991277
21	30231204
21	30246881
21	30389622
21	30443483
21	30445948
21	30452044
21	30487263
21	31011185
2	131100288
2	131111444
2	131844554
2	131893348
2	132231448
2	132244046
2	132245463
2	132247104
2	132261927
2	132350963
2	132367434
2	132410845
2	132440073
2	132451876
2	132466413
21	33447519
21	33995034
21	34635053
21	34802946
2	134976067
21	36012664
2	136381958
2	136500475
2	136532225
2	136604560
2	136622046
2	136633711
2	136672678
2	136674028
2	136694905
2	136702601
21	37406085
21	37419207
21	37421623
21	37432219
21	37450202
21	37463554
21	37496913
21	37508288
21	38304372
21	38432621
21	38444995
21	38497304
21	38516549
21	38583628
21	40653352
21	40715519
21	43273898
21	43444414
21	43805172
2	143862120
21	43897026
21	43897120
21	44251944
21	44323720
21	44333685
21	44455015
21	45036811
21	45077865
21	45078035
21	45197169
21	45198417
21	45201832
21	45206748
21	45234744
21	45395221
21	45539240
21	45542593
21	45589980
21	46937562
21	46952926
21	47604837
21	47657345
21	47696218
21	47712454
21	47714684
21	47718492
21	47726332
21	47744037
21	47768672
21	47916027
21	47966977
21	48104004
2	148687924
2	152954636
2	152976703
2	15733023
2	15734854
2	15753937
2	158212849
2	158270467
2	158271512
2	160111065
2	160123080
2	160128600
2	160144140
2	169720215
2	169741613
2	170364630
2	170442587
2	170601459
2	172631615
2	172911094
2	173436507
2	173454204
2	174820750
2	175976580
2	176042819
2	178429729
2	178524829
2	179251451
2	180243224
2	182942861
2	184053198
2	189935833
2	190581361
2	190687997
2	191224411
2	191224981
2	191250446
2	191292138
2	191330837
2	191464730
2	192010488
2	192015072
2	192019546
2	192107136
2	192580929
2	198122357
2	20090677
2	20136292
2	20154473
2	20158464
2	201732117
2	201742345
2	201806597
2	201812251
2	20213439
2	202483948
2	202507232
2	202516809
2	202636445
2	202637001
2	202690035
2	208382542
2	208451166
2	208483380
2	208491129
2	20883561
2	20884135
2	215598082
2	215609952
22	16556883
2	217445524
2	217490002
22	17626581
22	17637456
22	17639299
22	17639837
22	18077720
22	18922022
2	219295835
2	219380651
22	19433283
22	19504192
2	219523264
2	219527866
2	219531383
2	219544388
2	219647995
2	219703440
22	19776019
22	19783857
22	19784015
22	19785482
22	19868553
22	19928092
22	19929551
22	20052532
22	20091756
22	20137046
2	220237925
22	20400371
22	20437004
22	20463316
22	20502771
22	21145242
22	21152568
22	21161564
22	21168756
22	21246557
22	21346384
22	21896859
22	21926456
22	21945851
22	21969640
22	21976934
22	22352780
22	22414672
22	22931385
22	23087479
2	223421481
2	223423804
2	223438879
2	223732375
2	223765491
2	223772474
2	223777527
2	223798141
2	223802386
22	24096400
22	24345244
22	24367099
22	24399655
22	24401542
2	224732010
22	24838352
22	24997309
22	25467104
2	225696401
2	225820260
22	26839599
22	26846304
22	26859702
2	227637763
22	27843638
2	227917937
2	228057397
22	29632508
22	29653929
22	29904354
22	29920298
22	29973501
22	30188084
22	30207039
22	30728313
2	230913768
22	31009820
22	31016983
2	231031811
22	31033544
2	231033633
2	231035745
2	231043376
22	31044565
22	31398027
2	231733300
2	232048319
22	32078387
2	232308174
22	32340379
2	232374683
2	232674360
2	233931767
2	234319357
2	234436678
2	234748814
2	234749258
2	235199587
22	35334366
22	35817257
22	36615183
22	36630056
22	36633427
22	36668427
22	36679678
22	36861320
22	36861712
22	36894528
22	37257712
22	37260601
22	37263846
22	37415300
22	38051999
22	38052839
22	38054325
22	38054403
22	38087484
22	38087624
22	38196474
22	38204259
2	238799206
2	238799840
2	238813947
22	38917581
22	38919972
22	38972808
22	39056628
22	39076587
22	39080638
22	39229741
22	39260429
22	39289158
22	39357694
22	39358037
22	39360507
22	39374023
22	39473235
22	39671141
22	39722714
22	39739187
22	39747050
22	39747671
22	40161831
22	40779470
2	240890391
2	240941703
2	240954972
2	240967312
22	41451185
2	241467664
2	241511119
22	41758517
22	41769804
22	41782019
22	41802074
22	41836262
22	41867377
22	41966986
2	241978231
22	41982475
22	42014364
22	42017264
22	42117322
22	42180584
22	42198093
22	42213734
22	42299421
22	42320547
22	42333408
2	242339644
22	42340397
2	242395554
2	242400100
22	42405666
2	242444708
22	42486080
22	42551839
2	24284897
22	42905970
22	42906659
22	42914974
22	42962575
22	43018587
2	243027553
22	43195147
2	24328706
22	43387818
22	43396445
2	24350569
22	43523991
22	43576721
22	43583598
22	43583825
2	24366132
22	44358812
22	44386281
22	44388337
22	44390547
22	44564941
22	44577160
22	44577176
22	45638796
22	45643770
22	45728370
22	45746426
22	45783722
22	45797954
22	45805486
22	45811483
22	45813433
22	45833924
22	46690714
22	46692397
22	46977239
22	49592205
22	50314705
22	50317330
22	50317803
22	50318422
22	50318510
22	50699404
2	25074874
2	25076404
22	50789273
22	50834181
22	50944203
22	50963965
22	51013072
22	51022992
22	51024837
22	51062832
22	51063477
2	25153918
2	25384705
2	26423414
2	26525438
2	26794008
2	27186507
2	27433062
2	27441555
2	278752
2	286580
2	29032478
2	29037001
2	29053704
2	29060630
2	29088450
2	29098543
2	30636916
2	30666785
2	30673283
2	30682630
2	31266796
2	31346267
2	31346598
2	3468491
2	3480926
2	3481857
2	3483205
2	3502035
2	3502198
2	3503502
2	3508800
2	3509270
2	3519283
2	3621103
2	36878844
2	37152138
2	37390994
2	37461139
2	37593044
2	37603801
2	37820959
2	37863583
2	37869039
2	39252851
2	39317113
2	44017067
2	44114651
2	44123073
2	44143216
2	44160288
2	45773511
2	45781247
2	46763227
2	46765633
2	46775059
2	46777462
2	46800150
2	46802934
2	46819815
2	46824881
2	46842410
2	46843188
2	46843631
2	46849441
2	46852033
2	46854364
2	46854708
2	53833445
2	53990532
2	53991707
2	54058082
2	54122984
2	55423855
2	55449412
2	55459373
2	55461823
2	55472182
2	55509478
2	55668216
2	55830096
2	55858767
2	55864006
2	55890603
2	55930749
2	61365812
2	61374149
2	61378019
2	61378816
2	61380622
2	61393175
2	62211680
2	62360538
2	62363179
2	65132708
2	65144787
2	65153926
2	65304117
2	65607354
2	65617396
2	667174
2	67669461
2	68355211
2	68370650
2	68409037
2	68507531
2	69529776
2	69603149
2	69608852
2	69694707
2	70063660
2	70106832
2	70124269
2	70338344
2	70497824
2	70501479
2	70529242
2	71278329
2	71291999
2	73019817
2	73454090
2	73948457
2	73987484
2	74107040
2	74578536
2	74719910
2	74730314
2	74734366
2	74739006
2	74780665
2	74802217
2	75185856
2	75191299
2	75203501
2	75204946
2	75213786
2	75213817
2	75892111
2	75900380
2	75902380
2	80855085
2	85741613
2	85742297
2	85752474
2	85787341
2	85790734
2	85807079
2	85808982
2	85814984
2	85818488
2	85823632
2	85824073
2	85840085
2	85844161
2	85847272
2	86088768
2	86253508
2	86258784
2	86272309
2	86306251
2	86343316
2	86373765
2	86405016
2	86405618
2	86437551
2	86437898
2	86511471
2	86956020
2	88450605
2	88456359
2	88463155
2	89034338
2	89085935
2	89163278
2	89401183
2	90257672
2	9099114
2	9239635
2	95979682
2	96083549
2	9654803
2	96791543
2	9701877
2	97573265
2	97812076
2	97975695
2	98164184
2	98182352
2	98183628
2	98206429
2	98208346
2	99056713
2	99237792
2	99558433
2	99644472
2	99648689
2	99655639
2	99664346
2	9967620
2	99701381
2	99734913
2	99750673
2	99758020
2	99762026
2	99767922
2	99772008
2	9983686
2	9987190
3	100097616
3	10014165
3	100180901
3	100748614
3	10085035
3	10146616
3	101498077
3	10161518
3	10171898
3	10188428
3	10265975
3	10315282
3	10316070
3	10323781
3	107829707
3	107840830
3	107841381
3	107843481
3	107845928
3	107852799
3	111805120
3	11265322
3	112696430
3	112709828
3	112726411
3	11294027
3	11299602
3	11314143
3	11321624
3	11335491
3	115770154
3	11886365
3	11886751
3	11887044
3	11887065
3	118911370
3	119194848
3	119202033
3	119301139
3	119395918
3	119397847
3	121405511
3	121480375
3	121497380
3	121504854
3	121506036
3	121511350
3	121532639
3	121648602
3	122094958
3	122100938
3	122219571
3	122453952
3	122568856
3	122936869
3	122957000
3	122974769
3	123010363
3	123393071
3	12341996
3	12351583
3	12361295
3	12376427
3	124467247
3	124526186
3	124528424
3	124852207
3	125058182
3	125071506
3	12526006
3	125521655
3	12562637
3	125675866
3	125735175
3	125764837
3	12593204
3	12610818
3	12614380
3	126358564
3	127068497
3	127405898
3	127493958
3	127660495
3	127916191
3	127954434
3	129178587
3	129216672
3	12927386
3	130423358
3	130425055
3	130434202
3	132328430
3	132330267
3	132331122
3	133181070
3	133185834
3	13352608
3	133539541
3	133542969
3	13361040
3	13367406
3	133683391
3	133705329
3	13374490
3	134205071
3	134206728
3	134211322
3	134262803
3	134289095
3	134292131
3	134332311
3	134349245
3	136182612
3	136231578
3	139385257
3	139392922
3	139396450
3	139400244
3	139408680
3	139438653
3	141554930
3	141764803
3	141803266
3	14242148
3	149996362
3	150302010
3	150332199
3	150346471
3	150347833
3	152062217
3	155550723
3	15592746
3	15679357
3	158231384
3	158272222
3	158279725
3	158362769
3	158386737
3	158388721
3	158389772
3	158398281
3	158399757
3	158521475
3	160865023
3	160939141
3	16293425
3	16294894
3	16297865
3	16310857
3	16364617
3	16414198
3	16419025
3	167729034
3	167729812
3	167730175
3	167736304
3	170079530
3	170133451
3	170734645
3	17202334
3	172672040
3	172676581
3	179113257
3	182624112
3	182647597
3	182800039
3	182815929
3	184027539
3	184781111
3	185342847
3	185348402
3	186293820
3	186722450
3	186889320
3	193377724
3	193415262
3	194354509
3	195198560
3	195213802
3	195214097
3	195220559
3	195248960
3	195365807
3	195392763
3	195414288
3	195463099
3	195546874
3	196066227
3	196422014
3	196561101
3	196733794
3	196746629
3	196747252
3	196747625
3	197070502
3	197081388
3	197530321
3	23930271
3	23935839
3	23996013
3	25567279
3	25699349
3	25699357
3	25701779
3	25703640
3	25705239
3	26547500
3	27437071
3	27833753
3	298041
3	3180173
3	3185386
3	3186772
3	3189398
3	3193186
3	3193903
3	3201641
3	3205139
3	3205432
3	32141244
3	3220634
3	33037659
3	33125248
3	33129374
3	36461131
3	36844672
3	37029108
3	37160489
3	37232458
3	38047208
3	38168125
3	38543743
3	39072834
3	39127345
3	39137793
3	39433803
3	39437702
3	39460335
3	39484320
3	4120426
3	41248482
3	42635384
3	42637462
3	42682188
3	42981693
3	43409895
3	43436520
3	43448032
3	43680522
3	43712874
3	4401525
3	4402602
3	4408220
3	44230210
3	44251270
3	44458730
3	44883971
3	45040889
3	45053671
3	45180170
3	45183230
3	45498342
3	45555700
3	45579699
3	45756992
3	45761931
3	46046469
3	46775383
3	47551321
3	47591580
3	47823762
3	48203756
3	48245812
3	48260304
3	48322023
3	48428472
3	48912496
3	49515972
3	49593598
3	49647404
3	49651099
3	49705985
3	49749648
3	49946812
3	50059651
3	50349135
3	50400066
3	52540773
3	52566682
3	52566914
3	52573844
3	52880740
3	52895934
3	56599469
3	56685728
3	56717977
3	57917884
3	58186719
3	58187322
3	58209954
3	64112620
3	66350294
3	67639661
3	72434665
3	72451765
3	72501994
3	73017950
3	88138640
3	88236491
3	88244619
3	93514105
3	93537923
3	98580997
3	9915896
3	99256867
3	99412786
3	99615758
3	99679461
4	1000451
4	100459866
4	1005920
4	1006333
4	101099835
4	101111595
4	101113186
4	101114121
4	10118745
4	103530768
4	103610248
4	103619061
4	103627968
4	103633815
4	103656377
4	103680723
4	10661734
4	106664189
4	107098336
4	107138326
4	107176832
4	107178254
4	108584007
4	112927422
4	113193540
4	120264058
4	122610496
4	122612423
4	122688680
4	122688744
4	122693752
4	122700669
4	122722693
4	124268232
4	1255460
4	128833375
4	128925128
4	128987952
4	129004976
4	129092027
4	1338246
4	1384432
4	144420375
4	144448347
4	144459277
4	144485337
4	144486175
4	146632863
4	146636518
4	152259433
4	152592191
4	153716718
4	154128639
4	154325793
4	15577325
4	15592864
4	15610771
4	15645193
4	15647991
4	159538584
4	159968683
4	164454771
4	1685137
4	1685979
4	169637382
4	169819116
4	169934459
4	170658944
4	170678993
4	1707447
4	1709379
4	17644608
4	17650142
4	17812637
4	178234184
4	178356461
4	178361051
4	178363378
4	17841948
4	17850369
4	184418230
4	185593042
4	186347055
4	186348817
4	186364830
4	186375694
4	186913109
4	187112629
4	187112826
4	187114285
4	187120377
4	22309660
4	25069635
4	25246491
4	25274822
4	25286237
4	25411202
4	25427200
4	2544821
4	25875261
4	26841194
4	26897704
4	26952330
4	37864445
4	38765046
4	38784798
4	38803063
4	38806019
4	38810176
4	38810260
4	38814700
4	38910730
4	39027998
4	39031842
4	39033511
4	39470143
4	39528938
4	39537738
4	39638620
4	40142842
4	40143009
4	40143085
4	40151512
4	40157017
4	40161279
4	42086277
4	432348
4	47691710
4	48582909
4	48874120
4	48887090
4	48894981
4	48924234
4	56293696
4	57185488
4	57230176
4	57283315
4	57336138
4	57344320
4	57372960
4	57383638
4	57518121
4	57521729
4	57522650
4	57687921
4	57687938
4	57688144
4	66150
4	6677106
4	6679890
4	68483491
4	68528460
4	68537157
4	68547157
4	6885815
4	69247316
4	69367135
4	69370630
4	69373476
4	69373747
4	69373910
4	69375591
4	69386697
4	69491183
4	70634746
4	7074133
4	71624752
4	71646010
4	73941090
4	75036058
4	76381308
4	76408064
4	76413090
4	76553253
4	76848954
4	76905931
4	77031359
4	78034973
4	79467065
4	8230456
4	83111494
4	8368433
4	8368604
4	8368932
4	8377631
4	84144251
4	84145532
4	84146727
4	84154662
4	84163737
4	84168094
4	84349227
4	84478512
4	86583069
4	88105860
4	89177298
4	89179590
4	89206661
4	89349818
4	89634661
4	90131593
4	95486990
4	95516516
4	95580631
4	960713
4	961373
4	961919
4	965779
4	967445
5	102276189
5	102342076
5	102423579
5	10250042
5	10259373
5	10260576
5	10264378
5	10270030
5	10302688
5	10308222
5	10345839
5	10345995
5	10387517
5	10397021
5	10399578
5	10459751
5	10708554
5	10758549
5	108442831
5	1113244
5	112088604
5	112212325
5	112250376
5	112308600
5	112335650
5	112336634
5	112924792
5	112931615
5	114549087
5	114559370
5	114606299
5	114607217
5	115277074
5	115429757
5	115589336
5	118216738
5	118367185
5	122137300
5	125931022
5	125931980
5	130535734
5	130628103
5	131627985
5	131737030
5	132209378
5	132254726
5	133308002
5	133314132
5	133925276
5	134079281
5	134186166
5	134228374
5	134235909
5	134236100
5	134279599
5	134279623
5	134570835
5	137635590
5	137990345
5	139315543
5	140027304
5	140060492
5	140086062
5	140106318
5	140123635
5	140770454
5	141374203
5	141379376
5	141458971
5	141647173
5	143179598
5	143200053
5	143537904
5	143539270
5	143550217
5	146173575
5	146434800
5	148199844
5	148205741
5	149474844
5	149494601
5	149535255
5	150061330
5	150609875
5	150863087
5	153409152
5	153671823
5	153785461
5	153834325
5	154053391
5	154056183
5	155764996
5	159828276
5	173307328
5	175811233
5	175814603
5	175815782
5	175815787
5	176716977
5	176728400
5	176740704
5	176813101
5	176938681
5	177668017
5	178154853
5	178423569
5	178987529
5	179032279
5	179041348
5	179264731
5	179264915
5	179278466
5	179681801
5	179721541
5	179738638
5	179741374
5	179745413
5	1798022
5	180219838
5	1804931
5	1818630
5	229874
5	246418
5	314329
5	314518
5	31529306
5	32125350
5	324121
5	324215
5	34008100
5	34018023
5	34609150
5	39494861
5	40489386
5	43489202
5	43575682
5	43589457
5	43648697
5	43824677
5	440390
5	446951
5	50065233
5	52075451
5	52440588
5	56193292
5	56205357
5	56221938
5	56224124
5	56242323
5	59201526
5	60024641
5	635674
5	64012251
5	64814188
5	64858580
5	64884949
5	64909487
5	6605532
5	6612464
5	6614206
5	6615728
5	6722262
5	68399722
5	68399759
5	68601986
5	68859035
5	70080244
5	70200432
5	70431116
5	71384470
5	71562117
5	72871290
5	72885647
5	72894967
5	72908212
5	72934554
5	74056513
5	74059708
5	74064340
5	74070053
5	76245650
5	76721754
5	76728085
5	76738970
5	7855749
5	7860404
5	7868313
5	7880835
5	7890565
5	78951279
5	7924218
5	79914774
5	80096734
5	80105201
5	80181748
5	80561355
5	81570394
5	81574182
5	81581974
5	87997279
5	88108427
5	89696160
5	89942791
5	93213407
5	94066644
5	94118011
5	95257982
5	95267682
5	96000269
5	96110211
5	96111228
5	96120904
5	96236892
5	96239645
5	96246157
5	96252432
5	96270728
5	96373750
5	96494869
5	9977415
6	101020829
6	101184377
6	101411891
6	10391782
6	10531244
6	10534374
6	106139583
6	10679093
6	106966842
6	106967778
6	106971684
6	10697440
6	107034986
6	107098989
6	107101998
6	10723193
6	109661541
6	109783369
6	111004294
6	111070815
6	111346808
6	111348022
6	111348554
6	111353642
6	111578494
6	11201527
6	11201902
6	11202277
6	116258073
6	116709771
6	116754150
6	116777841
6	116794581
6	116795933
6	116812768
6	116815953
6	117036412
6	117788166
6	119178035
6	119290970
6	121373747
6	122778949
6	123073556
6	123092085
6	12322127
6	125596957
6	128226973
6	128261543
6	130017093
6	130552266
6	130581553
6	130587115
6	130591818
6	130591861
6	131310610
6	131456733
6	132799544
6	13302841
6	133085301
6	13311794
6	133127353
6	13314436
6	13352579
6	135620273
6	135797808
6	135798845
6	135836962
6	135893723
6	13596981
6	13603337
6	13622132
6	137173083
6	137191825
6	137203746
6	138701960
6	138710524
6	138721885
6	138722520
6	138726183
6	138734029
6	139220576
6	139350182
6	139521586
6	139591891
6	142339819
6	142390559
6	142466755
6	142523494
6	143951375
6	144403905
6	151759955
6	151774467
6	153437376
6	155625104
6	155626855
6	155627230
6	155635812
6	158397559
6	158722389
6	159360486
6	159416793
6	160082272
6	160092772
6	160100302
6	160112638
6	160114376
6	160183523
6	160868121
6	161100430
6	16185214
6	166701819
6	166702467
6	166710938
6	166748622
6	166750760
6	167271460
6	167272572
6	167272811
6	167276868
6	167337156
6	168382918
6	168385256
6	170114494
6	170136454
6	170137959
6	170170214
6	170171173
6	170181180
6	170676013
6	170679596
6	170703004
6	170707706
6	170825045
6	18216208
6	18223566
6	20508842
6	20511288
6	21232219
6	21233345
6	21233431
6	21234034
6	21397715
6	2236926
6	22658849
6	24423930
6	24425447
6	24478987
6	24844855
6	25070345
6	25083615
6	25090257
6	25102701
6	25126743
6	25139464
6	25397472
6	25397515
6	25401900
6	25402633
6	258021
6	25969631
6	26077561
6	26187951
6	26205052
6	26366511
6	26369549
6	26369587
6	26376314
6	26391005
6	26439457
6	26441000
6	26441043
6	28158954
6	28318166
6	29897035
6	29907631
6	29910176
6	29912852
6	29914377
6	3022345
6	3028339
6	3028437
6	3119268
6	3138499
6	3204345
6	3205723
6	32459451
6	32460050
6	32460057
6	32460628
6	32472934
6	32491393
6	32524320
6	32524620
6	32525834
6	32525995
6	32537139
6	32540285
6	32826668
6	32828248
6	32829102
6	32829429
6	33540692
6	33541507
6	33546837
6	33546930
6	33784140
6	34178593
6	34436323
6	35302275
6	35360614
6	35748269
6	36001097
6	36009833
6	36085003
6	36616698
6	36645696
6	36646849
6	36648364
6	39060478
6	39899761
6	40817107
6	40974146
6	41383281
6	41779996
6	41786136
6	41818202
6	42133887
6	42158185
6	42170785
6	42182221
6	42191761
6	42194440
6	42850659
6	42850919
6	42854601
6	42871045
6	42876386
6	42883911
6	42921487
6	42924932
6	42942779
6	42955749
6	43162872
6	43280028
6	43308363
6	43608386
6	44066943
6	44080385
6	44081718
6	44082926
6	44102572
6	44105978
6	44234539
6	44259737
6	44947321
6	45134320
6	45315504
6	485586
6	49263015
6	49360017
6	49373125
6	49374920
6	49400326
6	49420248
6	49427409
6	49451187
6	49457835
6	4991581
6	4999910
6	5003981
6	52245415
6	52279901
6	52365331
6	5261466
6	56818706
6	57086412
6	6274161
6	6380458
6	6383518
6	6384148
6	6393103
6	6571947
6	6589192
6	6591132
6	6626263
6	6728508
6	692700
6	71129673
6	71298012
6	71303391
6	71454050
6	71570880
6	72031488
6	74135016
6	79658115
6	79695003
6	79730050
6	79851768
6	8075674
6	81034568
6	81048110
6	8165610
6	82960309
6	83707191
6	8376743
6	83837041
6	83903022
6	83907225
6	83907345
6	8421963
6	86155791
6	86172452
6	87837490
6	87837536
6	87850921
6	87956454
6	88010326
6	88026249
6	88038198
6	88043560
6	88058675
6	88236331
6	88269116
6	88416141
6	89317596
6	89326217
6	89796111
6	89814250
6	89835784
6	89838728
6	89847784
6	89855423
6	89868190
6	89883437
6	97191923
6	97250536
6	97267838
6	97337537
6	99857773
7	100021426
7	100753880
7	100795078
7	100803178
7	100803710
7	100805460
7	100874740
7	100882477
7	100884814
7	100890252
7	100894214
7	102000107
7	102089158
7	102101269
7	102101964
7	102106880
7	102110686
7	102113093
7	102113563
7	102120524
7	102731429
7	102742446
7	103820147
7	103824667
7	104955492
7	105010475
7	1055409
7	107281398
7	108107516
7	111126914
7	116116687
7	116117896
7	116119899
7	116120243
7	116133246
7	116200587
7	116896212
7	116897457
7	117828003
7	117833444
7	117834417
7	117927370
7	1199506
7	1202237
7	1202705
7	1205282
7	121002328
7	121025295
7	122617482
7	12582388
7	126188168
7	126242993
7	12627497
7	127959221
7	128595149
7	128602142
7	128629471
7	128635754
7	128637994
7	128640188
7	128640293
7	128645292
7	128683012
7	128748534
7	128963900
7	129094195
7	129095991
7	129103228
7	129775023
7	129775950
7	129934219
7	130089403
7	130092670
7	130272378
7	130274198
7	130390550
7	130803125
7	134886106
7	137467382
7	138709717
7	138837953
7	139095044
7	139116166
7	140619657
7	141083132
7	141398707
7	141399988
7	141626494
7	141978179
7	142132703
7	143307062
7	143598648
7	143773851
7	143955103
7	143972674
7	143994334
7	144524224
7	144549278
7	144549923
7	148702496
7	149560847
7	149571095
7	149575707
7	149578665
7	150025734
7	150026339
7	150027284
7	150028958
7	150039555
7	150712990
7	150773385
7	150841378
7	151033628
7	157122158
7	157351947
7	157357255
7	158656809
7	158659884
7	158665748
7	158665987
7	158676289
7	1607100
7	18197282
7	1994431
7	20278642
7	2039594
7	20756542
7	21932876
7	22564961
7	23134841
7	23141284
7	23145411
7	23164034
7	23250828
7	23313171
7	23395230
7	23621230
7	23628533
7	23634985
7	23637902
7	23718939
7	2415797
7	24749755
7	24758818
7	24758852
7	24759377
7	25199847
7	26357560
7	26362909
7	26390496
7	26587603
7	26648037
7	27582248
7	27660733
7	2836848
7	2864586
7	2864706
7	2892384
7	30834761
7	30835737
7	30835738
7	30847541
7	32593234
7	32623796
7	32638126
7	32640459
7	32681744
7	32773036
7	32816046
7	38391311
7	38429552
7	38756521
7	38759715
7	39611851
7	42954083
7	42955732
7	42956347
7	42966729
7	42972437
7	42979947
7	44581986
7	44585796
7	44586578
7	44611009
7	44624795
7	44629682
7	44682938
7	44693897
7	44713844
7	44725567
7	44730284
7	45216646
7	45351125
7	4657496
7	5023296
7	5036359
7	507200
7	55944185
7	56061268
7	56138416
7	56146737
7	56149110
7	56150656
7	56163770
7	56174115
7	56176101
7	5619078
7	6025703
7	6029748
7	6031957
7	6075823
7	6092639
7	6094701
7	6098301
7	6102055
7	617650
7	620328
7	620848
7	623021
7	623241
7	6236964
7	6406013
7	64876760
7	64927514
7	6502367
7	65209501
7	65336206
7	65374131
7	65481972
7	65574403
7	65890083
7	65973227
7	66119817
7	66120952
7	66564018
7	66586942
7	66781776
7	66784818
7	66786884
7	66829313
7	71579289
7	72144202
7	7325349
7	74208363
7	74280307
7	74290826
7	74300890
7	74322249
7	74360784
7	74369476
7	74490187
7	75037774
7	75574627
7	75621145
7	75622151
7	75720015
7	75769139
7	76032686
7	76173056
7	76182938
7	76195020
7	76209459
7	76211025
7	76254132
7	7687840
7	773802
7	77425257
7	77602380
7	81925121
7	8215855
7	823067
7	86980338
7	87454734
7	87558001
7	87915896
7	92777091
7	93629552
7	93643245
7	96693269
7	96771533
7	99007517
7	99038276
7	99044665
7	99044679
7	99064922
7	99082928
7	99094497
7	99185210
7	99698015
7	99700274
7	99818101
7	99946207
8	103565479
8	104429824
8	105395776
8	105402875
8	110111786
8	110282209
8	110285658
8	110510626
8	110530966
8	110533892
8	110544524
8	110546678
8	110550381
8	11179458
8	11337811
8	11339965
8	11351019
8	11351912
8	11359377
8	11701198
8	11707945
8	117699775
8	120860347
8	124228707
8	124434300
8	124435814
8	124436110
8	124451601
8	124462725
8	125259763
8	125467504
8	128955314
8	131450153
8	132913005
8	134232437
8	134537305
8	135641806
8	135654742
8	135799079
8	139949210
8	143791406
8	143810721
8	144413633
8	144418601
8	144625439
8	144643169
8	144646352
8	144659949
8	144673722
8	144676862
8	144683975
8	144693850
8	144774526
8	145287593
8	145577824
8	145613775
8	145747597
8	145826680
8	145988907
8	145990548
8	145997225
8	146007336
8	146008168
8	146012799
8	146017782
8	146247219
8	16008360
8	16334537
8	17924849
8	17929213
8	17930999
8	1806049
8	18074388
8	19662681
8	2075378
8	2077072
8	21954973
8	21963499
8	21964378
8	21966439
8	21967075
8	21968314
8	22477014
8	22478361
8	22885331
8	23416034
8	23435117
8	25294311
8	2652538
8	26674230
8	27386974
8	27387392
8	27671845
8	27673926
8	27677299
8	27700001
8	28356015
8	28909523
8	28911137
8	30068956
8	30105369
8	30535660
8	30537998
8	30541931
8	30541935
8	30941922
8	31490037
8	33325171
8	33330687
8	33336075
8	33336497
8	33352841
8	37986674
8	38162432
8	40139392
8	40839914
8	41044049
8	41410263
8	42010602
8	42012689
8	42019613
8	42029712
8	42055146
8	42381812
8	42382522
8	42389100
8	42395632
8	42425673
8	55038618
8	55038827
8	55048922
8	55052792
8	55057197
8	56400544
8	56852496
8	57116364
8	59502029
8	61405398
8	61464655
8	61486366
8	6233237
8	6268222
8	6276392
8	66480563
8	66538676
8	66543977
8	71549614
8	71552302
8	71896134
8	71931016
8	74462477
8	74472116
8	74838120
8	79568810
8	79572222
8	79603747
8	79607893
8	79649057
8	79651942
8	8074876
8	82570631
8	82707315
8	82734131
8	82745407
8	83002037
8	85952932
8	8610267
8	86163230
8	87252403
8	87562786
8	90951297
8	90951667
8	92164191
8	92223842
8	95329960
8	95362782
8	95380878
8	95482767
8	95503542
8	95566297
8	95805024
8	96049684
8	96057084
8	96072196
8	97242124
8	98186294
8	98787581
8	99305539
9	100274565
9	100954429
9	103309376
9	103877451
9	104125733
9	104149942
9	104171856
9	104200608
9	107515201
9	107518124
9	107533159
9	107689710
9	108113859
9	108156790
9	108456372
9	108456726
9	108567783
9	110082906
9	111532820
9	111781284
9	111807856
9	111833791
9	111866749
9	112880156
9	114254865
9	114362948
9	114394177
9	114394275
9	114987364
9	115030570
9	115100641
9	115383253
9	116108961
9	116113396
9	116139271
9	116377885
9	116397691
9	117372609
9	117375909
9	119419458
9	119431256
9	123142848
9	123151125
9	123152260
9	123162795
9	123555835
9	123665019
9	123832662
9	123934463
9	124077796
9	124094977
9	124159191
9	124465782
9	125005105
9	125026861
9	126137175
9	127176979
9	127730848
9	128232995
9	128438005
9	130166857
9	130172319
9	130183790
9	130193725
9	130202089
9	130220956
9	130249144
9	130257205
9	130332386
9	130337593
9	130364372
9	130670310
9	130842760
9	130847696
9	130887856
9	130902596
9	130922282
9	131044321
9	131049345
9	131069717
9	131220226
9	131267212
9	131405844
9	131595522
9	131683822
9	131846125
9	131873602
9	131885279
9	132380301
9	132399110
9	132555013
9	132587256
9	132621106
9	133909114
9	133950086
9	134324136
9	135121938
9	135763816
9	136197286
9	136197834
9	136204198
9	136211248
9	136213521
9	136222490
9	136228865
9	136336269
9	136815357
9	137741873
9	138090819
9	138393128
9	138706844
9	138782770
9	138794618
9	138816075
9	139222785
9	139259410
9	139297921
9	139322503
9	139323311
9	139323424
9	139325641
9	139515495
9	139649379
9	139651959
9	139675552
9	139680217
9	139725902
9	139745075
9	139756477
9	139946916
9	139998693
9	140003427
9	140005295
9	140006202
9	140008750
9	140224527
9	140318426
9	140356374
9	140446357
9	140506196
9	14610306
9	14631207
9	14658112
9	15041038
9	15295073
9	15296450
9	15308154
9	15552320
9	16962173
9	19127877
9	19130712
9	21330522
9	21894210
9	26771008
9	26837034
9	26840671
9	26883149
9	26987027
9	26991407
9	27020005
9	27047006
9	27188145
9	27552487
9	32384843
9	32943766
9	32958092
9	34165200
9	34311656
9	34320195
9	34320264
9	34324168
9	34336266
9	34607670
9	34651618
9	34675631
9	34691535
9	35671627
9	35977490
9	37419471
9	37455810
9	37491719
9	37499887
9	37504959
9	37519468
9	37589346
9	37592143
9	37592452
9	37730467
9	37737283
9	40749113
9	5329060
9	5332620
9	5335470
9	5336199
9	5372048
9	5793102
9	6636821
9	70976807
9	70989306
9	71772485
9	71782965
9	751167
9	75781376
9	77698266
9	77705927
9	77706243
9	77707300
9	77760750
9	80725470
9	86305945
9	91015754
9	91118175
9	94815416
9	94820709
9	94822409
9	94878946
9	95309873
9	95399878
9	95400642
9	95882901
9	95883785
9	95888667
9	95892726
9	97141725
9	97157204
9	97162791
9	97807085
9	99184078
9	99207540
9	99245498
9	99246217
9	99254440
9	99689347
