gene	nsnps	PP.H0.abf	PP.H1.abf	PP.H2.abf	PP.H3.abf	PP.H4.abf
ENSG00000055950_MRPL43	729	0.00311760293990199	0.000334287902612827	0.887804382523002	0.0951820969211538	0.0135616297133294
ENSG00000067057_PFKP	1576	0.649182112413599	0.0722271666196308	0.242527902168689	0.0269742538051788	0.00908856499290283
ENSG00000078114_NEBL	1080	0.846003939430949	0.0355922201705115	0.109519544725518	0.00460331428757606	0.00428098138544532
ENSG00000089876_DHX32	1131	0.220335976307337	0.228232332362934	0.259620876978868	0.268902208735853	0.0229086056150065
ENSG00000095787_WAC	1230	0.842549308619027	0.0406876459236766	0.107463027801723	0.00518539485795823	0.00411462279761496
ENSG00000107951_PAPD1	1152	0.716995079308501	0.10792548823144	0.141932018142318	0.0213524832847349	0.0117949310330051
ENSG00000119979_FAM45A	939	0.669192096628485	0.0179646315253656	0.30001648301093	0.00804924101573159	0.00477754781948758
ENSG00000120616_EPC1	814	0.499241660109137	0.371763185378206	0.0525550159693826	0.0390980540683803	0.0373420844748933
ENSG00000127884_ECHS1	497	0.895338187134114	0.0411389197573225	0.0563967318190219	0.00258677265212831	0.004539388637413
ENSG00000134463_ECHDC3	1180	2.08239988520041e-16	0.794498560338748	3.38792945282343e-17	0.129183440990337	0.0763179986709134
ENSG00000138185_ENTPD1	1042	0.207133255843199	0.00620516339922908	0.754412422223919	0.022590538201038	0.0096586203326145
ENSG00000148484_RSU1	1153	0.475703073712189	0.334495288798267	0.0923274342515089	0.0648883564186208	0.0325858468194139
ENSG00000151640_DPYSL4	909	0.656807673715587	0.0365425377521615	0.284686533710601	0.0158328569068474	0.00613039791480326
ENSG00000151893_C10orf46	996	0.853243552570052	0.0312320854587078	0.107946128355378	0.00394762421764018	0.00363060939822169
ENSG00000156398_SFXN2	652	0.0121075561038713	0.642211221780852	0.00447085537176542	0.23703976381906	0.104170602924451
ENSG00000165730_STOX1	1046	0.640297709250722	0.0182259028709673	0.325732419863876	0.00926540756469561	0.00647856044973903
ENSG00000165983_PTER	1150	2.29048907937464e-07	1.63643730847638e-07	0.579837150761674	0.414258086185803	0.00590437035988376
ENSG00000166169_POLL	685	0.0142224776860859	0.616301400372745	0.00562864259544855	0.243785422651245	0.120062056694476
ENSG00000173915_USMG5	801	6.18747711665772e-11	3.28216772467406e-09	0.0184898065258141	0.980797196563402	0.000712993566739662
ENSG00000183605_SFXN4	957	0.351558316394425	0.520134722882303	0.0350943556081782	0.0518811863478534	0.041331418767241
ENSG00000188690_UROS	1115	0.0206011184141637	0.0213454334656393	0.466402575070495	0.483245218455708	0.00840565459399453
ENSG00000197771_C10orf119	1032	0.269215543313094	0.400959233383351	0.119369193175361	0.177751161531416	0.0327048685967784
ENSG00000205703_C10orf139	1196	0.811624812740472	0.0774993905842335	0.0940931476510243	0.00897684015887493	0.00780580886539576
ENSG00000014138_POLA2	664	0.806134210640952	0.0595964471969065	0.118164953848621	0.00872840441048691	0.00737598390303373
ENSG00000066336_SPI1	553	0.419220831524356	0.0118991898148298	0.509420259798442	0.0144143705753452	0.0450453482870269
ENSG00000074319_TSG101	1100	0.025589071560312	0.001086649442672	0.921942327449614	0.0391383803166893	0.0122435712307131
ENSG00000078124_PHCA	835	1.93027650240594e-06	0.00586584785142874	0.000326850660773487	0.9932541684431	0.000551202768195581
ENSG00000099834_MUPCDH	605	0.884593888911733	0.0212868744528798	0.0893330052362415	0.00214707099563406	0.00263916040351192
ENSG00000110074_FOXRED1	1310	0.0407041321924731	0.00216703644593441	0.895953716498359	0.0476859519734911	0.0134891628897425
ENSG00000110076_NRXN2	650	0.8831761501327	0.0561575844656918	0.0524771806411058	0.00333195365565776	0.00485713110484444
ENSG00000110080_ST3GAL4	1310	0.832104946465468	0.0454402955153772	0.111883308768347	0.0061053529057739	0.00446609634503424
ENSG00000110315_RNF141	1317	0.80020038267892	0.0607026162802291	0.122808323980221	0.00930917020758744	0.00697950685304292
ENSG00000110455_ILMN_3829	1168	0.732143672058033	0.0441894208438351	0.204996176860193	0.0123664890730061	0.00630424116493343
ENSG00000110768_GTF2H1	1080	0.273400203572825	0.16727197616237	0.330527215781628	0.202196876125461	0.026603728357716
ENSG00000120451_SNX19	1208	0.00451353757238818	0.706434568861786	0.00139707472808874	0.218593543694124	0.0690612751436133
ENSG00000131626_PPFIA1	899	0.0326806901726143	0.00369302435620791	0.857397423855812	0.0968793499780324	0.00934951163733365
ENSG00000134627_PIWIL4	953	3.84783331165881e-07	0.830889222429712	3.99883930667444e-08	0.0862668554898267	0.0828434973087369
ENSG00000134809_TIMM10	908	0.0548196729705544	0.00574894553200968	0.837618672518187	0.0878271828713732	0.0139855261078752
ENSG00000149084_HSD17B12	1131	0.000110058084570961	6.60395285876612e-06	0.921567828307141	0.0552749461134101	0.023040563542018
ENSG00000149089_APIP	1312	0.000110437613031795	3.46668764006335e-05	0.754919460975525	0.23696473205357	0.00797070248147386
ENSG00000159063_ALG8	857	0.562843607987559	0.0300289698679349	0.380202680017583	0.0202780196749827	0.00664672245194014
ENSG00000165434_PGM2L1	779	0.0741710348948765	0.788090368117732	0.00577097158570575	0.0612476521894766	0.0707199732122086
ENSG00000165526_RPUSD4	1306	0.779661594349382	0.041209879468601	0.16186199601026	0.00854667571006692	0.00871985446168979
ENSG00000166435_XRRA1	876	0.000472475683124779	0.00500531384709752	0.0853914717501619	0.904615831156349	0.0045149075632674
ENSG00000166439_RNF169	870	0.00350492289562039	0.0371482675625018	0.0821662492376411	0.870864142701818	0.00631641760241854
ENSG00000166788_SAAL1	997	0.343719518651942	0.41359982428998	0.0923977838445922	0.111143686020953	0.0391391871925327
ENSG00000166796_LDHC	1092	0.470753496775157	0.0202547237593326	0.478992819207876	0.0205998311840755	0.00939912907355838
ENSG00000168000_BSCL2	758	0.895677550853272	0.0228606996893322	0.0767162476293256	0.001955266094556	0.00279023573351451
ENSG00000168002_POLR2G	731	0.907435281402633	0.022564651784654	0.0660062478559334	0.00163898315160314	0.00235483580517625
ENSG00000168071_CCDC88B	657	0.631540494477428	0.0318322020849908	0.229981977639234	0.0114968758971291	0.0951484499012178
ENSG00000172890_NADSYN1	715	0.634755382538274	0.0142437534533351	0.336365753785956	0.00754086990283361	0.00709424031960134
ENSG00000173113_ILMN_22312	654	0.866519687002671	0.0436313824376699	0.0810364774606813	0.00407564774045469	0.00473680535852306
ENSG00000173715_C11orf80	530	0.873730979233194	0.0544585537421237	0.0614498113628495	0.00382355240264805	0.00653710325918522
ENSG00000173992_CCS	550	0.565933628645334	0.0412130163657383	0.2807010400377	0.0203497049651069	0.0918026099861203
ENSG00000175390_EIF3F	1201	0.738931301099312	0.142520986904386	0.0884127291856076	0.0170394632226074	0.0130955195880876
ENSG00000175567_UCP2	712	0.0643060712286275	0.682197048349694	0.0150236177486978	0.159300299112368	0.0791729635606129
ENSG00000175575_PAAF1	711	0.0613968606611906	0.65140977615635	0.0179615254262718	0.190489849489411	0.0787419882667769
ENSG00000175581_MRPL48	699	0.0715834643613901	0.759495226597937	0.00857435993873904	0.0909038774109281	0.0694430716910057
ENSG00000176148_TCP11L1	905	0.393195925277372	0.0139690620012801	0.557703251219396	0.019798176153094	0.0153335853488588
ENSG00000177042_TMEM80	689	0.878946770075722	0.0252983982026888	0.0891109341879273	0.00256076376487282	0.00408313376878868
ENSG00000177685_EFCAB4A	735	0.89352613591477	0.027003134939436	0.0744575461998648	0.00224740585917529	0.0027657770867542
ENSG00000177697_CD151	737	0.00147171434011509	4.45208048668836e-05	0.958851710876302	0.0289955699193266	0.0106364840593887
ENSG00000179057_IGSF22	1050	0.829470024998318	0.0353149100414561	0.125622902289509	0.00534418096665925	0.00424798170405685
ENSG00000182919_C11orf54	943	2.19845632462729e-07	0.474727858288839	2.2164572098391e-07	0.478568210269665	0.046703489950143
ENSG00000184524_CEND1	725	0.790990288291251	0.02353488217709	0.1749938933152	0.00520143507152123	0.00527950114493811
ENSG00000185187_SIGIRR	531	0.894988065559626	0.0184640871343286	0.082476361757752	0.00169915955875724	0.00237232598953579
ENSG00000196655_TRAPPC4	931	0.000717558874099042	5.6226158287657e-05	0.915769998971824	0.0717457867962757	0.0117104291995137
ENSG00000197345_MRPL21	801	0.00203085959723784	0.000510575044631964	0.786585858144149	0.19774111502094	0.0131315921930415
ENSG00000202477_SNORD25	719	0.880205540924149	0.0218846995118649	0.0928008470788693	0.00230451879202018	0.00280439369309626
ENSG00000205339_IPO7	796	0.605528407657084	0.0763733805180863	0.271694488384074	0.0342558175332543	0.0121479059075022
ENSG00000213931_HBE1	1629	0.426552422038916	0.401535582745623	0.0683575740780568	0.0643092309274698	0.0392451902099341
ENSG00000010626_LRRC23	845	0.00173956141522959	7.14862839788316e-05	0.944318904472511	0.0387911677869046	0.0150788800413756
ENSG00000076067_RBMS2	584	0.0930326194894605	0.494029945233977	0.0579841596635066	0.307865463508086	0.0470878121049697
ENSG00000089127_OAS1	782	0.00469962779841389	0.000140969989696864	0.955650392616143	0.0286548256910778	0.010854183904668
ENSG00000089163_SIRT4	862	0.832313831568341	0.0521218373489139	0.101135004447069	0.006325254875476	0.00810407176020097
ENSG00000110906_KCTD10	720	1.77044459831622e-05	3.43885481592121e-07	0.96870862332212	0.0188034157564892	0.0124699125899266
ENSG00000110931_CAMKK2	772	0.509864863973281	0.0371181772322374	0.4094844129368	0.0297967416128132	0.0137358042448686
ENSG00000111321_LTBR	1034	0.831137078706564	0.0525027158608593	0.104620767773087	0.00660373133168653	0.00513570632780292
ENSG00000111358_GTF2H3	804	0.898665369844501	0.0231259758262104	0.0738874517999719	0.00189897453382933	0.00242222799548725
ENSG00000111364_DDX55	794	0.781588711970198	0.019303362270001	0.189292052006246	0.00466991267109462	0.00514596108246018
ENSG00000111371_SLC38A1	719	0.02847619735204	0.00065872205650996	0.921834210833512	0.0212964796407983	0.0277343901171398
ENSG00000111581_NUP107	1143	4.3238696904363e-11	0.730383379758888	1.17041878633333e-11	0.197633889577762	0.071982730608406
ENSG00000111666_CHPT1	989	0.203986380579156	0.0077354247826674	0.751480447245435	0.0284887919726324	0.00830895542010917
ENSG00000111711_GOLT1B	1006	0.862654702928069	0.0356678954347509	0.094186729494804	0.0038907072330449	0.00359996490933156
ENSG00000111725_PRKAB1	947	0.810433562473267	0.0948765205027866	0.0770461091358945	0.00901106620906968	0.00863274167898179
ENSG00000111780_ILMN_16367	837	0.767733920448586	0.049665945315295	0.165143681645165	0.0106766312450335	0.00677982134592039
ENSG00000123297_TSFM	809	0.0493512632743206	0.325035104393444	0.0747323714460861	0.492140293929635	0.0587409669565148
ENSG00000123427_FAM119B	808	0.000431461829456429	0.00284245542007178	0.129056115872052	0.850199700777931	0.0174702661004887
ENSG00000127337_YEATS4	1055	0.0110142592069689	0.359195116200419	0.017891939021315	0.583460382419877	0.0284383031514205
ENSG00000134545_KLRC1	928	0.703179894347684	0.193520599966226	0.0661457116238424	0.0181848476039474	0.0189689464583006
ENSG00000135426_KIAA0748	772	0.8522581153306	0.022225977470265	0.118603917844851	0.00308924020735217	0.0038227491469314
ENSG00000136026_CKAP4	1086	0.881214232541069	0.0213848387205344	0.0930417927458189	0.00225578543364883	0.0021033505589286
ENSG00000136048_ILMN_20048	955	0.879627458295915	0.030137348941567	0.0844240383748041	0.00288957191527121	0.00292158247244313
ENSG00000139187_KLRG1	799	0.667687482231962	0.0218438277579517	0.289163876466005	0.0094483267267878	0.0118564868172936
ENSG00000139190_VAMP1	999	0.458765134923977	0.0286234097480279	0.473503609924361	0.0295334025889542	0.00957444281467971
ENSG00000139192_TAPBPL	1003	0.080703266619628	0.00504174876448611	0.850317888296481	0.0531108048681052	0.010826291451299
ENSG00000139197_PEX5	782	0.37269333543019	0.0147640562363036	0.556930452411701	0.022028932355429	0.0335832235663757
ENSG00000150045_KLRF1	1001	0.695394793832158	0.195069790125628	0.0707383085462641	0.0198242976954604	0.0189728098004898
ENSG00000155957_TMBIM4	925	0.877824756423162	0.020669952365648	0.0967441588580553	0.00227552847651771	0.00248560387661722
ENSG00000157895_C12orf43	773	0.634905698346352	0.0459272498916876	0.116817924629809	0.00825617932140234	0.19409294781075
ENSG00000165714_LOH12CR1	1129	0.467634402100661	0.125965639699213	0.103429704723105	0.0275852447071383	0.275385008769883
ENSG00000166888_STAT6	631	0.109694839485262	0.721421917512882	0.0142764868888458	0.0938303363712333	0.0607764197417768
ENSG00000166896_XRCC6BP1	814	0.0934753511890175	0.615248636862106	0.0310324879570201	0.204197756664383	0.0560457673274731
ENSG00000171840_NINJ2	684	0.743353833172399	0.179751301537646	0.0474451838476204	0.0114547831620769	0.0179948982802576
ENSG00000176422_SPRYD4	594	0.00128861334788822	0.00659275810829647	0.161769190665032	0.827635106724507	0.00271433115427676
ENSG00000177627_C12orf54	884	0.720382858094968	0.0773315341036997	0.174476975445894	0.0187206361016867	0.00908799625375088
ENSG00000184752_NDUFA12	1297	0.632332144366929	0.0667677358202115	0.263401528722122	0.0278027819227141	0.00969580916802341
ENSG00000185163_DDX51	737	0.871880092489098	0.0251203332754671	0.0973858366237982	0.00280303920386028	0.00281069840777607
ENSG00000185480_C12orf48	885	0.792308868235332	0.0252455975376303	0.17235506884971	0.00548720287042398	0.00460326250690389
ENSG00000186081_KRT5	1166	0.810921270141281	0.0702855541455736	0.102345214103346	0.00886305439189406	0.00758490721790546
ENSG00000186611_ILMN_34849	939	0.677876694591542	0.19528854756469	0.0833396418077721	0.0239896952687595	0.0195054207672364
ENSG00000032742_IFT88	894	0.728455440073461	0.0383997939254162	0.216287868934036	0.0113959359380373	0.00546096112904991
ENSG00000102796_DHRS12	806	0.427650188664862	0.0142231642353577	0.532772162627203	0.017711760119198	0.00764272435337902
ENSG00000122034_GTF3A	1190	0.00103339316136432	0.75924103673312	0.000209229565252626	0.153636515461433	0.0858798250788303
ENSG00000136111_TBC1D4	1169	0.11378064908989	0.00671981703747621	0.820516307162784	0.0484486674623857	0.010534559247464
ENSG00000139617_ILMN_28859	1054	0.00777118280495069	0.000472361233958184	0.918197438264606	0.0557936710642587	0.0177653466322265
ENSG00000151287_C13orf27	1345	0.752629966629946	0.0590508177359406	0.168181933836503	0.0131884874250045	0.00694879437260614
ENSG00000169062_UPF3A	358	0.939240480812011	0.0180050409346113	0.039910987456665	0.00076300468384995	0.00208048611286285
ENSG00000174032_SLC25A30	917	0.734340696552401	0.152204171962558	0.0837776155145668	0.0173519614286763	0.0123255545417985
ENSG00000089916_C14orf118	1030	0.29516867813126	0.0951962662871156	0.449656110211482	0.145005775902985	0.0149731694671579
ENSG00000092020_PPP2R3C	814	0.00108683692864813	0.704973401562149	0.00034840113602295	0.225921646158336	0.0676697142148444
ENSG00000092094_OSGEP	925	0.229430136696052	0.00977975443559746	0.718101425106437	0.0305979053560487	0.0120907784058648
ENSG00000092203_TOX4	1299	0.694315257775848	0.0396261163513639	0.246357233830032	0.0140545085032526	0.00564688353950323
ENSG00000100439_ABHD4	1270	0.807328618906232	0.045467838922831	0.134319194862865	0.00755938087112287	0.00532496643694991
ENSG00000100445_C14orf124	1117	0.589242643114511	0.0462091994642231	0.325910125216849	0.025545216922713	0.0130928152817035
ENSG00000100490_CDKL1	891	0.254826236565249	0.00551614770212675	0.715975760129374	0.0154903226595101	0.00819153294374072
ENSG00000100744_C14orf129	1308	0.261375214412863	0.110047751000657	0.430770589313893	0.181352443802057	0.0164540014705292
ENSG00000100814_CCNB1IP1	878	0.701039717031338	0.0289978208360008	0.253890892899541	0.0104963727607274	0.00557519647239267
ENSG00000100908_C14orf122	1091	0.770529594021798	0.0594312302124622	0.151559841024843	0.0116830698645962	0.00679626487630038
ENSG00000100931_CHMP4A	1098	0.827161406310667	0.063698453150184	0.0954242364761499	0.00734210282036268	0.00637380124263657
ENSG00000119599_WDR21A	1085	0.720866687486496	0.0441920516470444	0.212098834494657	0.0129926690314633	0.00984975734033972
ENSG00000119632_FAM14A	1342	0.8346965728456	0.0444595967178959	0.110727432639353	0.00589360542557682	0.00422279237157503
ENSG00000119684_MLH3	827	0.00421361923558394	0.000131731256812408	0.954736565723553	0.0298370473054017	0.0110810364786488
ENSG00000119718_EIF2B2	827	0.0222626049854729	0.000698018739936223	0.936721089451238	0.0293588683693138	0.0109594184540393
ENSG00000125375_ATP5S	895	0.876457891848517	0.0190341007305826	0.100135974285147	0.00217246077244643	0.00219957236330743
ENSG00000129514_FOXA1	961	0.884119990741202	0.0319591745989202	0.0781996937065396	0.00282386571046247	0.00289727524287563
ENSG00000134007_ADAM20	893	0.875967504154554	0.0380583001362373	0.078898978612851	0.00342428560068035	0.00365093149567702
ENSG00000139998_RAB15	888	0.811649088499217	0.0448591145190455	0.121278868313335	0.00668744840278008	0.0155254802656229
ENSG00000140092_FBLN5	970	0.810223983869912	0.0304697280117188	0.148643335478923	0.00558488482264812	0.00507806781679813
ENSG00000140104_C14orf79	473	0.901536448375182	0.0398083963984979	0.0518105945434933	0.00228319603989287	0.00456136464293421
ENSG00000155465_SLC7A7	1278	0.780254778629	0.0714230270164111	0.129312742464898	0.0118298610163822	0.0071795908733094
ENSG00000157326_DHRS4	1074	0.823208986561166	0.0635698169763495	0.0988114775339696	0.00762363054279909	0.00678608838571553
ENSG00000165501_PPIL5	765	0.871953882476456	0.0134762506190903	0.11008855111097	0.00169866157910954	0.0027826542143741
ENSG00000165819_METTL3	1300	0.784862585060652	0.0447720842641204	0.154615699449933	0.00881303680741447	0.00693659441787989
ENSG00000166166_C14orf172	664	0.83423137159595	0.0222642925250136	0.136612207550365	0.0036427105100254	0.00324941781864598
ENSG00000177465_ACOT4	860	0.824775550212916	0.0461525289928771	0.112444955235667	0.00628181403685046	0.0103451515216893
ENSG00000182512_GLRX5	1457	0.409269093682279	0.17008553133659	0.284469694009767	0.118202972390121	0.0179727085812423
ENSG00000183648_NDUFB1	1005	0.78313251373133	0.0300840464914545	0.175942728989228	0.00675475644581032	0.00408595434217759
ENSG00000184990_SIVA1	551	0.717417145535316	0.0335285111516188	0.23106623841867	0.0107916909555596	0.00719641393883531
ENSG00000187630_DHRS4L2	1092	0.828638165835074	0.0644419529465603	0.0931929877011268	0.00724099361044524	0.00648589990679407
ENSG00000197195_CHURC1	886	3.94634299064386e-08	2.17335294251357e-09	0.934394322188237	0.0514453467633303	0.0141602894116496
ENSG00000198805_NP	926	0.859104726578521	0.0366348902069671	0.0955769319805717	0.00407108446168301	0.00461236677225697
ENSG00000198894_KIAA1737	1191	0.421159796681741	0.13190549165553	0.320800851407873	0.100447802537027	0.0256860577178287
ENSG00000205659_LIN52	755	0.00204534339776346	0.000109676772332831	0.936452151948366	0.0502038749733441	0.0111889529081936
ENSG00000051180_RAD51	697	8.65299498553359e-07	0.00426911807486821	0.000201699664824557	0.995122885680019	0.000405431280789773
ENSG00000064726_BTBD1	558	0.897370356592782	0.0217113803223126	0.0758990045328042	0.00183314839921673	0.00318611015288411
ENSG00000074696_PTPLAD1	708	0.257246489868844	0.00991307822017912	0.692796864348918	0.0266837955924715	0.013359771969587
ENSG00000103657_HERC1	840	0.810328973657956	0.0847373691664007	0.0866985214780444	0.00905702198462783	0.00917811371297122
ENSG00000103671_TRIP4	632	0.870758285123223	0.0155488852949773	0.108982498067749	0.00194330272508736	0.00276702878896347
ENSG00000103811_CTSH	1067	0.570016793051306	0.0158646653521488	0.397840915782046	0.0110674688750035	0.00521015693949521
ENSG00000103932_RPAP1	701	0.0964779814062286	0.460053384764686	0.0668185626968373	0.318564936260627	0.0580851348716216
ENSG00000104047_DTWD1	792	0.436921849515603	0.0160071923472861	0.521183152434414	0.0190874128593246	0.00680039284337245
ENSG00000104055_TGM5	487	0.419442108571624	0.00758929461403226	0.552406595692646	0.0099845477755511	0.0105774533461461
ENSG00000136371_MTHFS	1188	0.798847307925033	0.0287812162445751	0.162208924048014	0.00583981051612952	0.00432274126624784
ENSG00000137806_NDUFAF1	709	0.013992320115693	0.0667029716359211	0.018355188462183	0.0866869956833781	0.814262524102825
ENSG00000140264_SERF2	442	0.896372841431478	0.00969258082980373	0.0910983776323036	0.000983204055940301	0.00185299605047444
ENSG00000140400_MAN2C1	537	0.661132410851768	0.0165900697185091	0.308546719415769	0.00773649646305674	0.00599430355089754
ENSG00000140471_LINS1	1252	0.778365259028963	0.0369001676461175	0.171861469177077	0.0081427517596137	0.00473035238822907
ENSG00000166140_ZFYVE19	667	0.000104846223091984	0.517278564206295	8.78348113738267e-05	0.43330033606607	0.0492284186931692
ENSG00000166762_CATSPER2	435	0.741284816900516	0.00770088685001888	0.244378034823097	0.00253463591760107	0.00410162550876704
ENSG00000166938_DIS3L	1009	0.150440483371073	0.235944455325471	0.195940125407299	0.307193677367427	0.11048125852873
ENSG00000168803_ADAL	486	0.886739331537244	0.0159996266660633	0.0929034152163533	0.00167359207799068	0.00268403450234871
ENSG00000168970_PLA2G4B	686	0.071808799380617	0.342764147848436	0.0956157772654143	0.456368289084482	0.0334429864210502
ENSG00000169118_CSNK1G1	630	0.900342844679226	0.016420525778184	0.0796739114134921	0.00145098752369045	0.00211173060540747
ENSG00000171763_SPATA5L1	684	0.717858227742884	0.0327992954258879	0.232572287753102	0.010620192195884	0.00614999688224161
ENSG00000172345_STARD5	938	0.882859645061062	0.0294139992536827	0.0822205963500083	0.00273655246584022	0.00276920686940691
ENSG00000188659_ILMN_4387	569	0.932438168676246	0.0144378858708667	0.0509572210548996	0.000787643254709443	0.00137908114327871
ENSG00000047578_KIAA0556	973	0.830337420103949	0.07567339003179	0.0795700375138589	0.00724449718069263	0.00717465516970973
ENSG00000063854_HAGH	757	0.597605896754123	0.0191601443722355	0.359971716579	0.011529502205946	0.0117327400886948
ENSG00000070761_C16orf80	992	0.799415448790722	0.0917068173938571	0.0901986357679602	0.0103390078777238	0.00834009016973732
ENSG00000086504_MRPL28	551	0.890361964233795	0.0186335176787299	0.0859699704766885	0.00179594310930387	0.00323860450148293
ENSG00000090857_ILMN_138245	477	0.508079963044902	0.41083679962978	0.0244363345218582	0.0197224563594385	0.0369244464440214
ENSG00000090857_ILMN_8209	477	0.503122783555034	0.406828391692174	0.0303630063142934	0.0245165573343426	0.0351692611041552
ENSG00000103042_ILMN_16502	945	0.745603832268582	0.0853878180962423	0.142275775665027	0.0162832142807235	0.0104493596894247
ENSG00000103111_MON1B	1564	0.294346140740928	0.0183186388651449	0.619213167870481	0.0385071308777342	0.0296149216457117
ENSG00000103126_AXIN1	518	0.896144836345531	0.0178651976194854	0.0819346368911472	0.00163099296487965	0.00242433617895642
ENSG00000103174_NAGPA	1198	0.796785660481299	0.0268339490509365	0.162412013689754	0.00546116413909993	0.00850721263891036
ENSG00000103202_DECR2	559	0.823054571759303	0.0173766421557347	0.152255841084717	0.00321038084609444	0.00410256415415079
ENSG00000103248_MTHFSD	1648	8.67772503132169e-07	0.782054873906988	1.5272378314129e-07	0.137557506438538	0.0803865991581873
ENSG00000103275_UBE2I	878	0.799224619728785	0.0279002994577627	0.163016017291952	0.00568658777686207	0.00417247574463874
ENSG00000103540_ILMN_12815	813	0.552656187279156	0.15570993965545	0.213766922763015	0.0602108103278173	0.0176561399745619
ENSG00000118894_FAM86B1	1249	0.768118560990652	0.0282677021212585	0.191504886367812	0.0070425476431119	0.00506630287716547
ENSG00000125124_BBS2	1057	0.000273186077959468	3.2165945414898e-05	0.805296154029693	0.09471888628276	0.0996796076641714
ENSG00000125170_DOK4	1078	0.762555985509191	0.0885363451949071	0.124781372560914	0.0144780574306871	0.00964823930430062
ENSG00000127561_SYNGR3	775	0.370003599422907	0.0212688889761257	0.559221649545977	0.0321283183246079	0.0173775437303827
ENSG00000127586_CHTF18	741	0.859025087779504	0.0219101920141645	0.113411649060528	0.00288990090081533	0.0027631702449875
ENSG00000129925_TMEM8	552	0.486584829906229	0.0101948277377065	0.477913289802813	0.00999783415073872	0.0153092184025133
ENSG00000130731_C16orf13	675	0.897731526864038	0.0218743005788152	0.0761453520598315	0.00185297657956707	0.00239584391774816
ENSG00000131148_COX4NB	1662	8.80602476316135e-07	0.793617513372402	1.52017002497616e-07	0.136931476953309	0.0694499770548105
ENSG00000132603_NIP7	564	0.00200463161547754	0.28387682763357	0.00472514802581736	0.669090135128971	0.0403032575961649
ENSG00000135698_MPHOSPH6	1869	0.494048830198927	0.0618204085978883	0.377081251151081	0.0471643516940529	0.019885158358051
ENSG00000140829_DHX38	710	0.207410726316606	0.00938484082742057	0.600661731167136	0.0270229914412035	0.155519710247634
ENSG00000141076_CIRH1A	615	0.00601537229810035	0.851956494757278	0.000486527522896152	0.0688341302845883	0.0727074751371368
ENSG00000153406_NMRAL1	828	0.878616304059656	0.0266764985842932	0.0891306750816432	0.00270330730620628	0.002873214968201
ENSG00000155393_HEATR3	905	3.35031386954655e-10	0.649848926001278	1.48262252638329e-10	0.287516587626182	0.0626344858892465
ENSG00000159461_AMFR	1098	0.000353539351770539	4.17605312035104e-05	0.879115911868129	0.10382565961483	0.0166631286340671
ENSG00000161981_C16orf33	436	0.940139523763696	0.0168200272533103	0.0406175900370184	0.000724991048074271	0.00169786789790124
ENSG00000162076_FLYWCH2	684	0.818139267175509	0.0504033739283263	0.117799576778754	0.00725091025640294	0.0064068718610074
ENSG00000166451_CENPN	1546	0.0468248021703825	0.0084461039337733	0.785884827791917	0.141738216511161	0.0171060495927664
ENSG00000166501_PRKCB1	981	0.403080799349158	0.161481936697495	0.070142411661598	0.0277628699669536	0.337531982324795
ENSG00000167515_TRAPPC2L	803	0.844183652500633	0.0312947315709234	0.1155236285297	0.00427785621844089	0.00472013118030178
ENSG00000167526_RPL13	672	0.729681103917859	0.0187137076254541	0.239086082230177	0.00612530814149882	0.0063937980850103
ENSG00000168748_CA7	752	0.4552400991756	0.436927574989813	0.0338760046028762	0.032471821266118	0.0414844999655929
ENSG00000168807_SNTB2	607	0.00476189030311529	0.674425301302138	0.0018397087262307	0.260499000562711	0.0584740991058057
ENSG00000169682_SPNS1	377	0.104697518761599	0.0166675720675803	0.71820120177715	0.114289615066409	0.0461440923272617
ENSG00000171490_RSL1D1	1260	0.611088900916333	0.250679931869664	0.0815980229921335	0.0334498298817675	0.0231833143401027
ENSG00000174177_ILMN_138331	813	0.488055097097165	0.0219067790703001	0.442111590681472	0.0198164546008958	0.028110078550167
ENSG00000175643_C16orf75	1043	0.220437366430538	0.0895448149517119	0.136427647359494	0.0549201940516957	0.498669977206561
ENSG00000178952_TUFM	424	0.814231512663169	0.0221076143000492	0.135901307200447	0.00366583184089799	0.024093733995437
ENSG00000180185_FAHD1	757	0.000311045979001765	9.57420979727956e-06	0.940726711510608	0.0289261906282763	0.0300264776723164
ENSG00000182108_ILMN_32084	1197	0.464341882656502	0.19282983754727	0.227294381928416	0.094368637554623	0.0211652603131892
ENSG00000186153_WWOX	2043	0.616526268902075	0.141717799800982	0.184142872811567	0.0423126978126415	0.0153003606727348
ENSG00000187741_FANCA	569	4.07015785337219e-07	7.68402698734162e-09	0.970887394813559	0.0183185321618917	0.0107936583247358
ENSG00000197912_SPG7	687	0.0153315229609357	0.000449750452198384	0.772029463645374	0.0224577642047031	0.189731498736789
ENSG00000002919_SNX11	796	0.294733901630406	0.0204385754117017	0.532990253818518	0.0368456750822599	0.114991594057114
ENSG00000005156_LIG3	1074	0.557929175236452	0.0267238426591707	0.38294530962598	0.0183283447707454	0.0140733277076525
ENSG00000006282_SPATA20	845	0.0280752460647243	0.00114025945217798	0.919803471462963	0.0373436345679125	0.0136373884522221
ENSG00000007312_CD79B	474	0.248699945769409	0.00320839420997577	0.725209140697917	0.0093421384104053	0.013540380912293
ENSG00000011052_NME1	958	0.859267877663557	0.0336573604390211	0.098330961526493	0.00384670809446896	0.00489709227645961
ENSG00000011295_TTC19	743	0.316745719532185	0.00568475648309611	0.654775637309739	0.0117404551750488	0.011053431499931
ENSG00000012048_BRCA1	601	1.98915741279058e-05	0.000215716023947614	0.0843054035766983	0.914256580305182	0.0012024085200434
ENSG00000035862_TIMP2	1031	0.483296501815704	0.383406872847238	0.0540172476464038	0.0428162865607186	0.0364630911299357
ENSG00000055483_USP36	1032	5.54816564488322e-05	4.42055203507836e-05	0.415514605348026	0.33081151142734	0.253574196047834
ENSG00000068097_HEATR6	433	0.865783095216288	0.0136751662484104	0.114938404839038	0.00181167667816378	0.00379165701809987
ENSG00000073584_SMARCE1	786	4.98069429856827e-06	0.296150206491192	1.12879233529332e-05	0.671142979237744	0.0326905456534127
ENSG00000091640_SPAG7	1004	0.463492922433116	0.415707348283945	0.0460283232009082	0.0412493352452145	0.0335220708368155
ENSG00000108262_GIT1	613	0.859402957857184	0.0403577670061969	0.0911659341438857	0.00427637695495244	0.0047969640377813
ENSG00000108278_ZNHIT3	727	0.498021301524334	0.0354848661000867	0.424975644166633	0.0302689893831261	0.0112491988258206
ENSG00000108352_RAPGEFL1	670	9.908841130578e-06	0.589176001800356	2.90828277054631e-06	0.172687286077276	0.238123894998467
ENSG00000108384_RAD51C	715	0.263693107470459	0.00523640021993126	0.705359499891917	0.0139952663896437	0.0117157260280488
ENSG00000108395_TRIM37	633	0.861226471360113	0.0174260352027139	0.115348694133445	0.00233029412997615	0.00366850517375187
ENSG00000108433_GOSR2	588	0.516837651578246	0.0159252194599378	0.447178255005463	0.0137725314873227	0.00628634246903033
ENSG00000108559_NUP88	1083	0.375462202066103	0.339552815719847	0.134356703099964	0.121477612457255	0.0291506666568314
ENSG00000108592_FTSJ3	492	0.108437332129636	0.00144163996353914	0.868055089779061	0.0115299813484878	0.0105359567792761
ENSG00000108639_SYNGR2	1080	0.383092613690767	0.428884184932617	0.0688037040918004	0.0769856688122616	0.0422338284725546
ENSG00000108651_UTP6	616	0.837289727398174	0.0155839494812171	0.140881351976255	0.00261850993937628	0.00362646120497798
ENSG00000108666_C17orf75	822	0.284783192137913	0.00890765504461208	0.671985382327337	0.021005527482603	0.0133182430075349
ENSG00000108771_DHX58	672	0.0568363937779524	0.616740858749192	0.0218354233919516	0.236871979078897	0.0677153450020069
ENSG00000108826_MRPL27	825	0.0747999759406754	0.00302824585914231	0.863165834344794	0.0349208240293539	0.024085119826034
ENSG00000108960_MMD	1027	0.612719285206461	0.21628889813331	0.11091228381199	0.0391309048134004	0.0209486280348387
ENSG00000125319_C17orf53	752	0.634015094381771	0.030238888548767	0.312679513494365	0.0149048602134104	0.00816164336168646
ENSG00000125445_MRPS7	796	0.835847607711814	0.0562486115672458	0.0953829626481763	0.00641271653423192	0.00610810153853192
ENSG00000126581_BECN1	597	0.070576875637716	0.765414343928503	0.00554609847975645	0.0600496636837409	0.0984130182702842
ENSG00000132141_CCT6B	1092	0.747700983970927	0.0361359726694587	0.195773330005895	0.00945067711000044	0.0109390362437188
ENSG00000132507_EIF5A	1018	4.39598421217916e-05	1.65809437178434e-06	0.95146068908007	0.0358749444771967	0.0126187485062394
ENSG00000141560_ILMN_14939	487	0.623622260111437	0.0349521817894222	0.270981471152394	0.0151323976776016	0.0553116892691451
ENSG00000141696_ILMN_21605	768	0.0697028299068428	0.756434764933558	0.00906359640380784	0.0982941993150633	0.0665046094407283
ENSG00000141698_NT5C3L	765	0.000107251179191237	0.00116394566343742	0.0839150886591928	0.910686125687345	0.00412758881083271
ENSG00000141720_PIP4K2B	642	0.0161289090896738	0.778867269245006	0.00288948575527411	0.139471026774822	0.0626433091352235
ENSG00000159199_ATP5G1	790	5.64449287971281e-05	3.35379549484217e-06	0.933333724421092	0.0554448466748033	0.0111616301798134
ENSG00000161326_DUSP14	757	0.755482653889597	0.0517007245810303	0.172643206204932	0.0118063036936258	0.00836711163081517
ENSG00000161664_ASB16	745	0.873274719320553	0.0417112940719066	0.0770246747877745	0.00367470963816918	0.00431460218159704
ENSG00000166260_COX11	929	0.243610377705249	0.0826519806892003	0.49237628690605	0.167038804416327	0.0143225502831739
ENSG00000166750_SLFN5	1001	0.000138703820764405	7.99385847163729e-06	0.936475996567591	0.0539621087118945	0.00941519704127965
ENSG00000167083_GNGT2	795	0.764325732677963	0.0274149240392804	0.195586381218557	0.00700965169863947	0.0056633103655597
ENSG00000167720_SRR	911	0.416954173437137	0.0355984462736552	0.48150972936259	0.041085176691934	0.0248524742346841
ENSG00000167895_TMC8	1057	0.403762408486137	0.442848047709402	0.0463131416198474	0.0507400823624847	0.0563363198221288
ENSG00000168646_AXIN2	750	0.896859327319824	0.0311430523856055	0.0665200957478402	0.00230671075120014	0.00317081379553025
ENSG00000170291_C17orf81	1035	0.000409053424082089	1.5409109512547e-05	0.924188709859581	0.0347737270371331	0.0406131005696919
ENSG00000172057_ORMDL3	645	5.73135663871555e-07	0.0340784328486541	3.61578597431005e-06	0.214241609919535	0.751675768310172
ENSG00000172301_C17orf79	615	0.721832586155526	0.0134162045798985	0.2541872664167	0.00471855807561243	0.00584538477226322
ENSG00000176974_SHMT1	579	0.389310720971621	0.0110778880309656	0.569001348108729	0.0161765751129421	0.0144334677757426
ENSG00000177370_TIMM22	820	0.00127190171515529	0.000169109082678686	0.872701696328829	0.116022545396206	0.00983474747713117
ENSG00000177602_GSG2	973	0.406738092968238	0.341665896350663	0.120142141693183	0.100890577956231	0.0305632910316859
ENSG00000181031_RPH3AL	443	0.813545616657635	0.0915940070840404	0.0729689722889878	0.00820160929600486	0.0136897946733321
ENSG00000182534_MXRA7	979	0.623213842071338	0.238479798272048	0.0835570460404444	0.0319512470183193	0.0227980665978499
ENSG00000185262_FAM100B	894	0.725020367122046	0.0484135405113171	0.196613454350976	0.0131121057276294	0.0168405322880312
ENSG00000185504_C17orf70	752	0.795550306763165	0.0175125296167211	0.179573942268715	0.00394956575455179	0.00341365559684809
ENSG00000187607_ZNF286A	871	0.785629002642365	0.0191489108411164	0.186353417549301	0.00453784489192654	0.00433082407529044
ENSG00000187624_ILMN_7731	524	4.66487972445509e-08	5.38362404303389e-09	0.884092412450031	0.102017060998422	0.0138904745191238
ENSG00000205309_NT5M	766	0.888410959467028	0.0246761296718949	0.0816728675208781	0.00226553675855373	0.00297450658164561
ENSG00000213246_SUPT4H1	842	0.846696223776353	0.0221634804902972	0.124160686524347	0.00324634968187398	0.00373325952712874
ENSG00000214087_ARL16	731	0.264535068749653	0.00582521837367712	0.702395846351922	0.0154553826897377	0.0117884838350099
ENSG00000066926_FECH	1138	0.841061506789373	0.040661307379097	0.108970220551649	0.00526414696001488	0.00404281831986596
ENSG00000082212_ME2	1041	0.738093530256327	0.0571040843527554	0.155403702995804	0.0119857057757169	0.0374129766193962
ENSG00000091164_TXNL1	953	0.856910587216893	0.0262372733544784	0.110017497479694	0.00336509562045917	0.00346954632847503
ENSG00000101557_USP14	658	0.8802973847668	0.0158805142626269	0.0999035766796537	0.00180013639759484	0.00211838789332421
ENSG00000101752_MIB1	518	0.688270514025277	0.0120517838269939	0.284419448373233	0.0049699653155203	0.0102882884589757
ENSG00000132199_ENOSF1	892	0.369538615346704	0.00961295641526611	0.546694210475437	0.0141613832261171	0.0599928345364763
ENSG00000141428_C18orf21	917	0.741178754680128	0.03266178501607	0.194198396049006	0.00853438237857866	0.0234266818762167
ENSG00000154889_MPPE1	924	0.703075252850296	0.0996517419324371	0.163402566961809	0.0231494604792763	0.010720977776181
ENSG00000158270_COLEC12	705	0.904451110447814	0.0192483423480657	0.0727204589533415	0.00154558733676534	0.00203450091401378
ENSG00000166401_SERPINB8	1056	0.449955937386074	0.13215046838206	0.306325602153873	0.0899451237362641	0.0216228683417288
ENSG00000167220_HDHD2	954	0.802983037404037	0.0921693287922511	0.0853395063779703	0.00978585827978884	0.00972226914595328
ENSG00000168461_RAB31	1325	0.734013803138466	0.112991329724555	0.123733637188846	0.0190368673103591	0.0102243626377732
ENSG00000172466_ZNF24	819	0.894121618385334	0.026252363064973	0.0747532100129186	0.00219215321199098	0.00268065532478351
ENSG00000176014_TUBB6	853	0.669795155109675	0.0926014525047539	0.197098183907192	0.0272362236049415	0.0132689848734375
ENSG00000177150_C18orf19	742	0.655569896051346	0.101907239599692	0.196674240515889	0.0305573892256472	0.0152912346074261
ENSG00000197563_PIGN	1016	0.365521718624624	0.029820227581763	0.550795152852752	0.0449263873593857	0.00893651358147497
ENSG00000198795_ZNF521	1088	0.694583505148072	0.183683467151703	0.0799757724349632	0.0211290637607367	0.0206281915045247
ENSG00000215429_ILMN_33941	1055	2.62250652851107e-05	7.7049572481248e-06	0.761014474875909	0.223571632323978	0.015379962777581
ENSG00000064666_CNN2	724	0.843623986402651	0.0728104230795099	0.0708036140799433	0.00610417021646413	0.00665780622143193
ENSG00000065000_AP3D1	751	0.827497656591159	0.087396498593675	0.0701660644381024	0.0074030804820919	0.00753669989497211
ENSG00000065268_WDR18	704	0.0595637817747497	0.00218531749842752	0.86916221732361	0.0318511911113893	0.0372374922918236
ENSG00000073050_XRCC1	709	0.00232843462686721	0.000316902863354513	0.866968214498827	0.117983054345117	0.0124033936658348
ENSG00000076924_XAB2	861	0.835350101016948	0.0371669417800738	0.117614734974777	0.0052283516643203	0.00463987056388158
ENSG00000083828_ZNF586	891	0.74156236938327	0.0302683484438785	0.214529455154471	0.00875155969738802	0.00488826732099304
ENSG00000095932_ILMN_32047	796	0.528801941979438	0.363171166707637	0.0435923865159559	0.0299038955078857	0.0345306092890835
ENSG00000104946_TBC1D17	768	0.889485939869563	0.0308565418217407	0.0739204208675302	0.00256114626657074	0.00317595117459517
ENSG00000104953_TLE6	791	0.505989520923612	0.381034528390623	0.0438362459852158	0.0329746437101138	0.0361650609904355
ENSG00000105053_VRK3	778	0.758766946070826	0.0280731412215052	0.199504164638839	0.00737504846501922	0.00628069960381029
ENSG00000105132_ZNF550	997	0.778110363526248	0.0272038917206266	0.184031084070335	0.00642977460673503	0.00422488607605477
ENSG00000105198_LGALS13	805	5.18187016860157e-10	0.852245152613298	3.95412108481534e-11	0.0649493241473934	0.0828055226815798
ENSG00000105404_RABAC1	488	0.799527556384467	0.0280322068502938	0.162004428835473	0.00567527090593985	0.00476053702382606
ENSG00000105697_HAMP	850	0.877220886783814	0.0366078365416048	0.0787691824978873	0.00328304545093707	0.00411904872575724
ENSG00000105698_USF2	853	0.701804727128711	0.0293481801086172	0.203390261365778	0.0084483974035008	0.0570084339933937
ENSG00000118046_STK11	780	0.846281064711349	0.0739833970221226	0.0675655003796563	0.00590042669577574	0.00626961119109639
ENSG00000121289_CCDC123	921	0.0154681769579279	0.0545049473786778	0.203987002685026	0.718778208499355	0.00726166447901274
ENSG00000121406_ZNF549	1007	0.869488954969166	0.0305036428179239	0.0934394082020199	0.00327477295404907	0.00329322105684119
ENSG00000125656_CLPP	821	0.862972568506002	0.0470185288523601	0.0806985127092506	0.00439189025953403	0.00491849967285328
ENSG00000125753_VASP	777	0.000866007994159978	0.000357057774632792	0.676004274785	0.278674555331777	0.0440981041144302
ENSG00000125910_EDG6	781	0.517913253508961	0.364652358049716	0.0486891847574916	0.0342465820671793	0.0344986216166523
ENSG00000126246_TMEM149	814	0.0857014865145127	0.00321304059930132	0.856944908766637	0.0321057484377104	0.0220348156818381
ENSG00000129933_KIAA0892	638	0.422779296180465	0.0155069198927026	0.52069165486363	0.0190762546612328	0.0219458744019691
ENSG00000130312_MRPL34	824	0.787448935243905	0.0516093478786991	0.145088553326224	0.00950274316866525	0.00635042038250686
ENSG00000141934_PPAP2C	459	0.919718201106393	0.0283288687595446	0.0474439629593057	0.0014583032578496	0.0030506639169066
ENSG00000141994_DUS3L	799	0.16800200460709	0.00837236275811694	0.772091301715701	0.0384640209334706	0.0130703099856208
ENSG00000142046_BCKDHA	674	0.905359628944021	0.0273962301738625	0.0625937656198036	0.00189133160888546	0.00275904365342725
ENSG00000160113_NR2F6	804	0.861953947554998	0.0561072666038397	0.0710776134441457	0.00462042244753054	0.00624074994948635
ENSG00000161558_TMEM143	901	0.75193497420159	0.0508606263996376	0.16045247301081	0.0108270259060235	0.0259249004819388
ENSG00000167766_ZNF83	1082	0.727853217115376	0.0282827608664206	0.20724032565536	0.00802429977946104	0.0285993965833819
ENSG00000167807_ILMN_19980	701	0.159651931769628	0.535984588725907	0.011850685048614	0.0395322226606156	0.252980571795236
ENSG00000170866_LILRA3	944	0.711788760915692	0.185803550927498	0.0665759682741568	0.0173603522258221	0.0184713676568313
ENSG00000170949_ZNF160	968	0.674584505496226	0.0224244668652422	0.285329959876404	0.00947672403881159	0.00818434372331538
ENSG00000175691_ZNF77	805	0.507309017692657	0.382235573030977	0.040900102397647	0.0307776942650091	0.0387776126137108
ENSG00000176232_ZNF283	781	0.795132516882454	0.111370582600259	0.0723407792696501	0.0101214080708336	0.011034713176803
ENSG00000178229_ZNF543	1013	0.662070330046375	0.0632772310825288	0.243054678664435	0.0232215230190771	0.00837623718758394
ENSG00000182013_ILMN_30225	720	0.255443196997069	0.574634352961364	0.0354430447979753	0.0796763910590673	0.0548030141845248
ENSG00000183617_MRPL54	768	0.00405178654499829	0.00276214837884489	0.585716262344911	0.399281163485243	0.00818863924600317
ENSG00000186111_PIP5K1C	768	0.51775927625641	0.352676091239668	0.0540753530881333	0.0367951880505807	0.0386940913652082
ENSG00000188000_OR7D2	750	0.890742756211622	0.029908999493788	0.0740534981440288	0.00248372734825996	0.00281101880230133
ENSG00000188321_ZNF559	736	0.77002371369977	0.141387400883868	0.0641175557590342	0.011760191954124	0.0127111377032042
ENSG00000189052_ILMN_17361	838	0.859033897114649	0.0513560672845562	0.0798103308324537	0.0047663088456363	0.00503339592270484
ENSG00000189144_ZNF573	656	0.798670606261168	0.0150570263986268	0.179788882535689	0.00338639280445704	0.00309709200005885
ENSG00000196365_LONP1	793	0.811038398751461	0.0401412706607972	0.136409762731586	0.00674575560756524	0.00566481224859046
ENSG00000196931_ILMN_36955	955	0.878883607564692	0.0313742676628441	0.0837096191717298	0.00298520731841934	0.00304729828231454
ENSG00000197256_ANKRD25	685	0.20038100460515	0.671006411252834	0.0151916933872315	0.0508090947347779	0.0626117960200072
ENSG00000198046_ZNF667	1069	0.813679735152988	0.0854593923235702	0.0843666018852275	0.00885323901494752	0.00764103162326651
ENSG00000007341_ST7L	937	1.08704533181296e-05	1.11472581764042e-06	0.185908951468362	0.0182684824957362	0.795810580856767
ENSG00000043514_TRIT1	787	0.720332205787133	0.0191313589370732	0.246869975829262	0.00654952190274693	0.00711693754378509
ENSG00000049239_H6PD	674	0.662931950575483	0.222344546964022	0.0706035897498759	0.0236596824500588	0.0204602302605598
ENSG00000049247_UTS2	881	0.00150406516745934	0.840802887766286	0.000147918458850713	0.0826144833817634	0.0749306452256404
ENSG00000058799_YIPF1	1037	0.863565975131196	0.039501077286576	0.088990329178931	0.00406670348710431	0.00387591491619287
ENSG00000064886_CHI3L2	1312	0.0227176059332918	0.00182917174669831	0.843321495236367	0.067838101415402	0.0642936256682403
ENSG00000065135_GNAI3	948	0.0350107554510532	0.0218047144458994	0.569501924133053	0.35466704225278	0.0190155637172149
ENSG00000066185_ZMYND12	846	0.786490244420919	0.0202913080621718	0.184681004120203	0.00476096049179645	0.00377648290490917
ENSG00000067533_RRP15	933	0.74921944195053	0.110061363860208	0.110365380558776	0.0161986706689611	0.0141551429615239
ENSG00000069275_NUCKS1	850	0.287430872629579	0.193498025144519	0.281678984955553	0.189578049065341	0.0478140682050082
ENSG00000081692_JMJD4	825	0.0491684707933481	0.00991351785219274	0.771879579013335	0.155615618782075	0.0134228135590491
ENSG00000084072_PPIE	778	0.0576914638644506	0.00141113715769144	0.862682758996417	0.0210441088432225	0.0571705311382186
ENSG00000090686_USP48	868	1.24532976145753e-07	0.020924002539994	5.81663056243104e-06	0.977307191191113	0.00176286510535482
ENSG00000097046_CDC7	893	0.768209281944359	0.0416619129649238	0.174472197443586	0.00945586340355745	0.00620074424357428
ENSG00000116171_SCP2	780	0.437949906431865	0.00975915218701605	0.525173557654232	0.0116873894343072	0.01542999429258
ENSG00000116199_FAM20B	861	0.66903598033682	0.057983441709393	0.19120916501445	0.016506288274205	0.0652651246651316
ENSG00000116455_WDR77	1307	0.0129249469213032	0.00101150048566905	0.89239464303417	0.0698145457730644	0.0238543637857935
ENSG00000116698_SMG7	1009	0.0322375477259816	0.00654899619960213	0.629297662064986	0.127636337712005	0.204279456297425
ENSG00000116791_CRYZ	750	0.790452075771216	0.0579959299584355	0.135167777307628	0.00991086532790775	0.00647335163481302
ENSG00000116885_C1orf102	720	0.515180974723409	0.0223505425922591	0.434476931893041	0.0188401377650981	0.0091514130261921
ENSG00000117174_C1orf181	1092	0.655308986346308	0.0357485650126727	0.2851572969535	0.0155477283598014	0.00823742332771774
ENSG00000117289_TXNIP	117	0.977289780390869	0.0115412677336119	0.0100895362972817	0.000118190783188039	0.000961224795049678
ENSG00000117481_NSUN4	705	0.223235183285167	0.0247089315624206	0.551445298630094	0.0608973685885834	0.139713217933736
ENSG00000121310_ECHDC2	770	0.654943651078983	0.0145426005792007	0.31446705725376	0.00697346458636819	0.00907322650168787
ENSG00000123473_STIL	890	0.437703958382766	0.0320676501483919	0.486392505068158	0.035626525918027	0.00820936048265746
ENSG00000131697_NPHP4	1120	2.30394070154817e-07	0.750463173289625	5.1375092494246e-08	0.167261940962733	0.0822746039784795
ENSG00000134184_GSTM1	1007	0.53809662614616	0.336032168043104	0.0542528168769942	0.0338421828789701	0.0377762060547718
ENSG00000134262_AP4B1	797	0.88539339237367	0.0206447418266948	0.0893811078946374	0.00208160257002552	0.00249915533497223
ENSG00000134697_GNL2	936	0.347294961929306	0.01540709073337	0.599944178542296	0.0266046510666249	0.0107491177284033
ENSG00000135778_C1orf57	1310	0.163171447428778	0.0125985321844015	0.75238979405221	0.0580785527904764	0.0137616735441351
ENSG00000142632_ARHGEF19	752	0.403168386810359	0.0125245429336993	0.552040994917141	0.017134181813092	0.0151318935257088
ENSG00000142684_ZNF593	619	0.82004866923434	0.0208924435475719	0.151472482082535	0.00385534511392632	0.00373106002162725
ENSG00000142794_NBPF3	942	4.91903764862563e-06	0.826495523030588	6.13399548806177e-07	0.102992738503826	0.070506206028389
ENSG00000143155_TIPRL	1126	0.000398953449016616	0.0114596833315097	0.0331803232177713	0.953081739477667	0.00187930052403481
ENSG00000143156_NME7	1123	0.00876566763398374	0.251619632945425	0.0240576949907452	0.690554270385532	0.0250027340443147
ENSG00000143194_MAEL	1219	0.733073647026961	0.0863532650198098	0.140391144443528	0.0165138704836157	0.0236680730260858
ENSG00000143198_MGST3	1275	0.68009099918889	0.0292533953586373	0.273326271577896	0.0117512625483947	0.00557807132618137
ENSG00000143226_FCGR2A	1048	2.6725525843467e-14	0.694826126415041	8.33970617557976e-15	0.21673220280811	0.0884416707768131
ENSG00000143387_CTSK	553	0.452450095108351	0.144250476619839	0.242690695781022	0.0772915113314331	0.083317221159354
ENSG00000143437_ARNT	560	0.112710588594116	0.037557878898723	0.557551437925821	0.185683051628786	0.106497042952553
ENSG00000143537_ADAM15	637	0.875696783943424	0.0384309043797454	0.0733330294185382	0.00320896932357848	0.00933031293471356
ENSG00000143569_UBAP2L	838	0.000117772959356072	0.709901673866586	3.66953682600998e-05	0.221120348380503	0.0688235094252952
ENSG00000143653_SCCPDH	1033	0.816842572826136	0.0753049049394855	0.0920493346811979	0.00847872490415585	0.00732446264902463
ENSG00000143756_FBXO28	802	0.0144046536030386	0.0003169714653373	0.954048938381029	0.0209834063223934	0.0102460302282015
ENSG00000153898_MCOLN2	1046	0.0619890815437415	0.00312006494045288	0.874819342840093	0.0440157816987058	0.0160557289770069
ENSG00000159479_MED8	881	0.306681312173506	0.00694338969561048	0.642019114312668	0.0145057235240167	0.0298504602941995
ENSG00000160714_UBE2Q1	704	0.886459868838576	0.041567382459099	0.0649884114423383	0.00304345951656014	0.00394087774342701
ENSG00000162384_C1orf123	862	0.242865822029015	0.00603296322032786	0.72144027700966	0.0179093483022638	0.0117515894387328
ENSG00000162437_RAVER2	966	0.560575091271775	0.328165933192736	0.0528051545402651	0.0308850655854755	0.0275687554097477
ENSG00000162551_ALPL	935	5.00459006035478e-06	0.840870054516068	5.00189379218702e-07	0.0839665449209645	0.0751578957835279
ENSG00000162585_C1orf86	626	1.01004429763054e-09	0.706779865848872	3.29123748853813e-10	0.23024181089205	0.0629783219199107
ENSG00000162600_OMA1	1146	0.691714961705151	0.0593347453295461	0.220802453341625	0.0189310375837671	0.0092168020399104
ENSG00000162604_TM2D1	984	0.81891430952001	0.0622271568512192	0.104031153508514	0.00789812605090129	0.00692925406935573
ENSG00000162606_L1TD1	1046	0.869276674879586	0.0349023834926837	0.0887182391152671	0.003558587590528	0.00354411492193469
ENSG00000162769_FLVCR1	913	0.458102251834656	0.0205942635272963	0.476806643068892	0.021412045941233	0.0230847956279226
ENSG00000162836_ACP6	554	0.882148196561447	0.0216706796175377	0.0906379471378412	0.00222327413377209	0.00331990254940199
ENSG00000162885_B3GALNT2	926	0.717313344942727	0.0217405586070422	0.243931740220258	0.00738352912421196	0.00963082710576142
ENSG00000168653_NDUFS5	833	0.0322450049155322	0.000872701948575154	0.930421013180478	0.0251702908815105	0.0112909890739043
ENSG00000171488_LRRC8C	776	0.615032419197316	0.0171722907319832	0.346637304190909	0.00966695254185751	0.0114910333379345
ENSG00000171806_C1orf156	1028	0.000150855107242812	0.00432849645692361	0.0334708435553324	0.960379654602009	0.00167015027849199
ENSG00000175279_CORT	674	0.692182440778873	0.204221667676748	0.0517422144781721	0.0152294106797326	0.0366242663864742
ENSG00000177000_MTHFR	817	0.717477990544739	0.0476634731369027	0.213304981306422	0.0141628784891517	0.00739067652278426
ENSG00000177868_CCDC23	840	0.465850667931133	0.011252493288489	0.489892055566947	0.011812013549074	0.021192769664357
ENSG00000178028_DMAP1	803	0.200557496690739	0.00360407016136443	0.768425549890817	0.0137951884644809	0.013617694792599
ENSG00000184022_OR2T10	437	0.913869097197942	0.0202561421666282	0.0617149077928847	0.00136513198756095	0.00279472085498382
ENSG00000185523_ILMN_7435	907	0.855768163457136	0.0384071788013156	0.0952716502942576	0.0042695420020106	0.00628346544528049
ENSG00000197622_CDC42SE1	629	0.198664601398947	0.548546961842815	0.0366550988153497	0.101095963224379	0.115037374718509
ENSG00000197747_S100A10	754	0.179650845810668	0.484574587224278	0.0586551445302084	0.158092264980076	0.11902715745477
ENSG00000197780_TAF13	786	0.524298329322955	0.314631049428412	0.0815930884061029	0.0489334094036842	0.0305441234388457
ENSG00000198216_CACNA1E	996	0.789994760487466	0.0465365061437721	0.149078230189699	0.00877619073502838	0.0056143124440351
ENSG00000203666_EFCAB2	1164	0.158634559620728	0.0113309411889102	0.723266028490032	0.0516062465656709	0.055162224134659
ENSG00000203965_ILMN_14353	1012	0.778745318466852	0.0265782824694123	0.180135513564025	0.00613955545215571	0.00840133004755393
ENSG00000204138_PHACTR4	546	0.589619919316778	0.010962303798457	0.386535465459367	0.00718082505797583	0.00570148636742191
ENSG00000088766_CRLS1	1228	0.0266222807856292	0.00126565006055289	0.898414986629201	0.0426805374117016	0.0310165451129155
ENSG00000088832_FKBP1A	1441	0.792597098234106	0.0691422618894437	0.120798211071231	0.0105309086564959	0.0069315201487236
ENSG00000088833_NSFL1C	1460	0.167690876340235	0.0148825813738602	0.739036763859225	0.0655767707338418	0.012813007692838
ENSG00000100991_TRPC4AP	614	2.81825107396688e-05	4.71797457766548e-06	0.842656618046043	0.141051104647877	0.0162593768207622
ENSG00000100994_PYGB	727	0.00209488406318847	0.000119528718880024	0.691621399547734	0.0391951765513071	0.266969011118891
ENSG00000100997_ABHD12	715	7.07755884349097e-06	4.01577069237032e-07	0.690864635628774	0.0389291073317818	0.270198777903532
ENSG00000101052_IFT52	1078	1.65896172996977e-14	0.836280059222432	1.92152841887543e-15	0.0967970294574909	0.0669229113200592
ENSG00000101158_TH1L	1167	0.509938811189475	0.293144416735518	0.106947759336358	0.0614516795922419	0.0285173331464067
ENSG00000101161_PRPF6	580	0.006112988071774	0.769489759570107	0.00120682189603479	0.151840788860947	0.0713496416011382
ENSG00000101182_PSMA7	1148	0.701222042971867	0.0617666279656165	0.210480491325508	0.0185320204705248	0.00799881726648333
ENSG00000101190_TCFL5	924	0.00568849540165964	0.683329029748245	0.0020440703629823	0.245479961961105	0.0634584425260079
ENSG00000101220_C20orf27	1117	0.817583148906819	0.067868759683297	0.100027799790183	0.0082972292711371	0.00622306234856347
ENSG00000101311_C20orf42	1241	0.849911302943911	0.0409450730186343	0.100468154183673	0.0048362845957165	0.00383918525806543
ENSG00000101343_CRNKL1	1177	0.0121536672332964	0.00105294113335053	0.863074997659026	0.0747240884815632	0.0489943054927634
ENSG00000124193_SFRS6	1136	1.42984063703664e-14	0.720780468300142	4.41976702433738e-15	0.222743300405477	0.0564762312943625
ENSG00000125821_DTD1	1185	0.780197239207911	0.0445274984867257	0.159234317114757	0.00908087754321176	0.00696006764739481
ENSG00000125870_SNRPB2	1531	1.17923810258122e-05	0.799931506213362	1.81460748773244e-06	0.123016143003857	0.0770387437942664
ENSG00000125878_TCF15	1070	0.817155396827117	0.0797681850849439	0.0871376553811595	0.00849866859623315	0.00744009411054591
ENSG00000125977_EIF2S2	590	0.13166306083625	0.00734838221663138	0.802056437003841	0.044750213064494	0.014181906878784
ENSG00000166948_TGM6	1245	0.810313700309154	0.074162437856659	0.0985065952937347	0.0090076212753962	0.00800964526505619
ENSG00000214078_CPNE1	571	0.268187960981932	0.064366318221166	0.295150934099084	0.0705357941845139	0.301758992513304
ENSG00000154719_MRPL39	959	0.753084101578329	0.0550370864197368	0.170411471304651	0.0124450327616801	0.00902230793560412
ENSG00000156261_CCT8	1000	0.788723358629111	0.0225051962100156	0.179653656362531	0.0051221880504031	0.00399560074793908
ENSG00000160188_RSPH1	1422	0.737755619014624	0.0908807421900098	0.143200500496888	0.0176296815843049	0.0105334567141726
ENSG00000160193_WDR4	1316	0.789342915044729	0.0842251283815887	0.10688926040565	0.0113972418731746	0.00814545429485806
ENSG00000160194_NDUFV3	1273	0.539978806037084	0.0565128660107692	0.34270941937323	0.0358421759791567	0.0249567325997606
ENSG00000160213_CSTB	971	0.0044611080502168	0.721325478459337	0.00131817460278116	0.213078469804778	0.0598167690828874
ENSG00000182362_C21orf57	687	0.787662094431251	0.0155376246652333	0.187116841386751	0.00368511652252928	0.0059983229942351
ENSG00000182852_C21orf121	1481	0.676772143485072	0.143257497358572	0.134940754772504	0.0285474518191237	0.0164821525647289
ENSG00000185808_PIGP	1057	0.0203216611283068	0.00127707875623697	0.904683823950529	0.0568363695305381	0.0168810666343895
ENSG00000025708_ECGF1	486	0.0384401729716585	0.785695770952872	0.00531458335538339	0.108565145675203	0.0619843270448833
ENSG00000099940_SNAP29	601	0.244684852546126	0.399728480230869	0.105361700653263	0.17204556278303	0.0781794037867119
ENSG00000100033_PRODH	1027	0.866590721461051	0.0324216151719686	0.0940805635806128	0.00351642987747698	0.0033906699088902
ENSG00000100092_SH3BP1	1006	0.166467554470857	0.0163997770752431	0.488538659697529	0.0478483034487131	0.280745705307658
ENSG00000100101_NOL12	1010	0.29662299485914	0.0292424343773023	0.516061274889121	0.0507683460521454	0.107304949822291
ENSG00000100162_CENPM	670	0.853732317754824	0.0123950782042883	0.12944607237908	0.00187683820953379	0.00254969345227366
ENSG00000100266_PACSIN2	1003	0.00110282806772643	0.000136859771260837	0.878389642314014	0.108995830402275	0.0113748394447235
ENSG00000100296_THOC5	784	0.0998856959512427	0.4276622325535	0.0470280548826683	0.201127085288486	0.224296931324102
ENSG00000100299_ARSA	445	0.0400326958942475	0.818219368007255	0.00322563611791005	0.065855392316471	0.0726669076641171
ENSG00000100304_TTLL12	1143	0.753817617263647	0.10220032094028	0.117216315432233	0.0158809500218691	0.0108847963419711
ENSG00000100321_SYNGR1	695	0.00259157751835883	0.0148562349685662	0.126675268667353	0.726036961033811	0.12983995781191
ENSG00000100330_MTMR3	871	0.0688887051573829	0.332213571113645	0.0304039025531019	0.146199550629594	0.422294270546276
ENSG00000100347_SAMM50	1433	0.507373738539336	0.164906971174301	0.232563182789599	0.0755682622293078	0.0195878452674562
ENSG00000100417_PMM1	591	0.165247841046221	0.00200532025891817	0.811629299689393	0.00983802724525496	0.0112795117602129
ENSG00000128408_RIBC2	1159	1.36346393030783e-10	0.393401108970262	1.97235572568651e-10	0.569047491865746	0.0375513988304118
ENSG00000179750_APOBEC3B	755	0.129916194831031	0.745033289007071	0.0095253431648196	0.0545642361468275	0.0609609368502511
ENSG00000184674_GSTT1	861	2.6547715042909e-05	0.00557830643773515	0.00470551489163469	0.988739661810004	0.000949969145582781
ENSG00000184983_NDUFA6	716	0.909697363311903	0.0136147182576998	0.0740691189294558	0.00110702192438917	0.00151177757655187
ENSG00000185838_GNB1L	839	0.683957286867641	0.0955833770236126	0.181287685589256	0.0253211953644084	0.013850455155082
ENSG00000188130_MAPK12	736	0.0395257703976359	0.808314269139532	0.00366010109251422	0.0747764796602131	0.073723379710105
ENSG00000189306_ILMN_12816	890	0.773626931858249	0.0921834230386698	0.112037466904946	0.0133412895053974	0.00881088869273751
ENSG00000035141_FAM136A	916	0.789190202929527	0.0253760325418347	0.175828807068934	0.00564973575597261	0.00395522170373188
ENSG00000068878_PSME4	1148	0.628360148114271	0.0836368026951989	0.244597735990556	0.0325459038515422	0.0108594093484322
ENSG00000079785_DDX1	972	0.141107729922118	0.142842139945606	0.345278507611595	0.349501189688146	0.0212704328325351
ENSG00000087338_GMCL1L	949	0.510990437407995	0.0210310859450286	0.443034172105392	0.0182274595074553	0.00671684503412855
ENSG00000115053_NCL	800	0.902280195040665	0.0226750255799571	0.0710291367295748	0.00178278636625718	0.00223285628354588
ENSG00000115350_POLE4	959	0.637805526707772	0.144411793982329	0.163612056202299	0.0370278647932385	0.0171427583143619
ENSG00000115364_MRPL19	1092	0.651876322353423	0.149215689660064	0.150319071660839	0.0343941172960551	0.0141947990296196
ENSG00000115750_TAF1B	1058	0.08007823527737	0.00398187354252728	0.817914215419954	0.0406132012466414	0.057412474513507
ENSG00000115816_CEBPZ	1321	0.416253431707244	0.0791585444468165	0.164234746093298	0.0309229450858774	0.309430332666764
ENSG00000115866_DARS	739	0.372925933799433	0.170263577694575	0.284459424355851	0.129830665964377	0.0425203981857637
ENSG00000115934_PPIL3	857	0.00299625352984703	0.000126105709998303	0.946170320240834	0.03981132827039	0.0108959922489303
ENSG00000118640_VAMP8	898	0.000525785371434719	0.118793471274553	0.00383124255809509	0.865601657150278	0.0112478436456393
ENSG00000118961_C2orf43	997	0.822918248357217	0.0230483542823224	0.146437310089141	0.00409792869618545	0.00349815857513403
ENSG00000119878_CRIPT	1368	0.00452288132415497	0.000623625351664077	0.86535230921494	0.11930658589421	0.010194598215031
ENSG00000123983_ACSL3	947	0.781949955813093	0.0279522524654303	0.179183715157015	0.00640074112685668	0.00451333543760503
ENSG00000130414_NDUFA10	1064	6.511852137123e-05	0.773888587590084	8.94159861255779e-06	0.106144822567556	0.119892529722376
ENSG00000132305_IMMT	784	5.39909628047214e-05	0.0121953330162071	0.0043471655523836	0.981924547799455	0.00147896266914971
ENSG00000132313_MRPL35	754	0.0036359352673618	0.821253683744715	0.00037081214523523	0.0836647728356472	0.0910747960070406
ENSG00000132329_RAMP1	1038	1.48422655713683e-07	0.772615932345343	2.91845045213331e-08	0.151844752696559	0.0755391373509386
ENSG00000135632_SMYD5	595	0.918230506202429	0.0173868808975292	0.0612889051884115	0.00115858272718104	0.00193512498444899
ENSG00000135899_SP110	989	0.57770692971878	0.208349956265834	0.122295045133227	0.0440581079184777	0.0475899609636811
ENSG00000135951_TSGA10	667	0.0202245379220801	0.00056712601423036	0.940218878551847	0.0263524937082354	0.0126369638036074
ENSG00000136718_IMP4	480	0.908678546576942	0.0244174306300194	0.0627472111765908	0.00168362987626995	0.00247318174017754
ENSG00000138035_PNPT1	1120	0.101786059621558	0.00418278336588841	0.848488383145746	0.0348569877279646	0.0106857861388427
ENSG00000138036_DYNC2LI1	1078	0.840252012658504	0.0592068875466115	0.088705657016307	0.0062448983334045	0.00559054444517288
ENSG00000138095_LRPPRC	1058	0.640604100420519	0.0448692954173347	0.286147607892875	0.0200340518230438	0.00834494444622782
ENSG00000138399_FASTKD1	1091	0.845436935537202	0.0477442727392384	0.0964100543988583	0.0054395858928768	0.0049691514318244
ENSG00000144120_TMEM177	843	0.761972008090345	0.0344524933462611	0.189625119123768	0.00856850021293669	0.0053818792266892
ENSG00000144401_FAM119A	888	0.773573052722745	0.0588527469166583	0.149294398474079	0.0113512559442546	0.00692854594226297
ENSG00000151665_PIGF	1357	0.14550578199929	0.0199341664448456	0.71338930240646	0.0977102577068634	0.0234604914425413
ENSG00000151690_ILMN_5981	720	0.432580393020412	0.0625400004826411	0.430001108451472	0.0621543781436128	0.0127241199018615
ENSG00000158089_GALNT14	1025	0.571964768644583	0.297075799858548	0.0695473775203268	0.0360972646728487	0.0253147893036935
ENSG00000163082_SGPP2	953	0.55037421426181	0.0632388001487861	0.338439802454173	0.0388781580200331	0.00906902511519868
ENSG00000168385_SEPT2	679	5.63107423109363e-09	0.694815626127439	2.02657707247569e-09	0.250003219741315	0.0551811464735944
ENSG00000171103_ILMN_29305	1138	4.07685138522958e-06	0.00248190814544587	0.00163521142444222	0.995484643276434	0.000394160302293593
ENSG00000171853_TTC15	1221	0.364907602642887	0.165832196162282	0.307191028755569	0.139580420507651	0.0224887519316108
ENSG00000172954_LYCAT	1266	0.490635160156404	0.259024389192507	0.148969665290992	0.0786238313872752	0.0227469539728214
ENSG00000173272_FAM128A	341	0.943000818602693	0.00883729994085945	0.0465391547400603	0.000434952323599286	0.00118777439278784
ENSG00000174501_ILMN_40651	399	0.366009802246247	0.00736056798713503	0.605743986400227	0.0121729823847083	0.00871266098168223
ENSG00000176732_PFN4	824	0.73909478916874	0.0730156657004251	0.162488886709102	0.0160430275379113	0.00935763088382141
ENSG00000182551_ADI1	1196	0.569596238058818	0.258836279383145	0.100638995234006	0.0457072139969676	0.0252212733270628
ENSG00000183891_TTC32	1144	0.759721448900719	0.027978250881643	0.200527441717688	0.00738042878488867	0.0043924297150618
ENSG00000196151_WDSUB1	946	0.155871341195795	0.0342015379566215	0.654933001270369	0.143695143337974	0.01129897623924
ENSG00000196912_KIAA1641	437	0.759314959463484	0.0191598450399157	0.211806614652599	0.00534015201218617	0.00437842883181449
ENSG00000198369_SPRED2	1079	0.829464807876973	0.0563948263563175	0.101622928776199	0.00690366962564939	0.00561376736486112
ENSG00000213639_PPP1CB	1097	0.000880809349751166	0.536229433948504	0.000665687520839632	0.405208030917996	0.0570160382629091
ENSG00000214587_ILMN_36450	749	1.16590420485755e-12	6.05475341450799e-05	1.92521730494959e-08	0.999800359307312	0.000139073905203336
ENSG00000011376_LARS2	883	0.597691769797341	0.105661860128894	0.235260178078665	0.0415702297539234	0.019815962241176
ENSG00000075975_MKRN2	1072	0.554303685435212	0.0217903847000702	0.40224758735177	0.0158070142603791	0.00585132825256863
ENSG00000113851_CRBN	1602	0.529598036591021	0.190114481276849	0.191739041553125	0.0688105180580965	0.0197379225209097
ENSG00000114316_USP4	540	3.74710621903098e-12	0.816481278001854	4.26233103143859e-13	0.092783960654044	0.0907347613399268
ENSG00000114383_TUSC2	567	3.80433329534452e-12	0.828950823014613	4.2627246885766e-13	0.0928050251243774	0.0782441518567784
ENSG00000114491_UMPS	992	0.325937432105968	0.148626440293958	0.337180903137619	0.153718891263768	0.0345363331986873
ENSG00000114742_WDR48	901	0.170901532927044	0.00613379044188195	0.78582643736401	0.0281949856868299	0.00894325358023469
ENSG00000121542_SEC22A	859	0.765727655255429	0.0373982463198738	0.182466697922642	0.00890619797308548	0.00550120252896985
ENSG00000129055_ANAPC13	1070	0.00108100365617199	3.48323319451292e-05	0.954649014901742	0.0307474178292989	0.0134877312808417
ENSG00000132182_NUP210	1046	0.0518374646087028	0.00215520152281127	0.884076962462582	0.0367313057164105	0.0251990656894938
ENSG00000144559_C3orf31	1019	0.584495168374237	0.0236791726606917	0.370142528148951	0.0149885856681731	0.00669454514794762
ENSG00000145088_EAF2	811	0.0603626974282072	0.00305859616812666	0.879895984779097	0.0445724859148555	0.0121102357097134
ENSG00000154174_TOMM70A	851	0.876247588988627	0.0295651615755906	0.0880195350733649	0.00296663508227325	0.00320107928014435
ENSG00000157017_GHRL	1096	0.701690874118142	0.141633524868016	0.118840048668255	0.0239735313015854	0.0138620210440011
ENSG00000160124_CCDC58	964	0.00284026069926396	0.000177030730131387	0.927807908321807	0.0578180218678995	0.011356778380898
ENSG00000163602_RYBP	1074	0.838096472408886	0.0436937455113979	0.108127204294208	0.0056327085042778	0.00444986928123082
ENSG00000163864_NMNAT3	1005	7.92916815387867e-09	0.644271374359273	3.65200647928442e-09	0.296678664261319	0.0590499497982327
ENSG00000164054_ILMN_5730	441	4.45010188964678e-09	0.858896137268109	3.06521207852574e-10	0.0590783910682361	0.0820254669070303
ENSG00000168297_PXK	774	0.860099699338293	0.036579364759213	0.0944555128708482	0.00401226562717301	0.00485315740447283
ENSG00000168827_GFM1	791	0.400909405521415	0.0153435542369312	0.544496704444091	0.0208204793869444	0.0184298564106182
ENSG00000170819_BFSP2	937	0.264719455157055	0.0078361360847424	0.689430194377197	0.0203906566756643	0.0176235577053419
ENSG00000172113_NME6	432	0.000104914651364179	0.79424791239798	1.75620340190278e-05	0.132879212704223	0.0727503982124134
ENSG00000173226_IQCB1	833	0.669747811454902	0.0340610829171184	0.275615544608738	0.014010298634149	0.00656526238509265
ENSG00000178252_WDR6	501	2.32506345202945e-12	0.506623136390229	2.07923427456885e-12	0.453017465132156	0.0403593984732086
ENSG00000178750_STX19	292	0.808042554268146	0.00599799162731539	0.179942063005576	0.00133099943528739	0.00468639166367569
ENSG00000180376_CCDC66	918	0.6361529140912	0.0187966496612446	0.315404022643166	0.00929901400557573	0.0203473995988141
ENSG00000182923_CEP63	1073	0.59093509064006	0.0190396711563347	0.371201702609103	0.0119530866805464	0.00687044891395575
ENSG00000184203_PPP1R2	787	0.852150494922062	0.0702211334624428	0.0655246619348673	0.00539282365420827	0.00671088602641961
ENSG00000196455_PIK3R4	657	0.827043936907036	0.0157392478272775	0.150085712438672	0.00285196115947052	0.00427914166754381
ENSG00000197548_ATG7	1149	0.812126508977502	0.0418357904945282	0.129328707765498	0.00665216717916877	0.0100568255833037
ENSG00000213533_MUSTN1	758	0.711079924073209	0.0959585888486627	0.146395053570735	0.0197288358217003	0.0268375976856923
ENSG00000033178_UBE1L2	712	0.340904482904772	0.0143343999954187	0.610947108373114	0.0256810576187649	0.0081329511079296
ENSG00000038002_AGA	880	0.294398663805236	0.0130163429572858	0.627815190546286	0.0277207462008631	0.0370490564903286
ENSG00000056050_C4orf27	780	0.86146390101924	0.0173664046306058	0.116593018306171	0.00234819099348243	0.00222848505050049
ENSG00000059691_PET112L	664	0.0428737153934239	0.530290218660413	0.0278705303983906	0.344666692176949	0.0542988433708234
ENSG00000078177_ILMN_7118	842	5.53907268123116e-05	9.87272739922434e-06	0.834072526432785	0.148646128101133	0.0172160820118718
ENSG00000087008_ACOX3	981	0.456024633346871	0.0275228936049949	0.469031260565193	0.0282887626461135	0.0191324498368278
ENSG00000109181_UGT2B10	699	0.881356964940904	0.0380824474444662	0.0714783825336528	0.00308250115842191	0.00599970392255477
ENSG00000109323_MANBA	786	0.00255482903717741	0.000974178190079865	0.157984540947014	0.0594618337410308	0.779024618084698
ENSG00000109674_NEIL3	890	0.760621655320859	0.0375778570993976	0.180631688029287	0.00891169570884051	0.0122571038416158
ENSG00000109775_C4orf20	1140	0.777817801863257	0.0510904397004402	0.155026336631108	0.0101769122500296	0.00588850955516539
ENSG00000109814_UGDH	910	0.365562363194364	0.175058469287919	0.288615726758174	0.138178107083374	0.0325853336761688
ENSG00000118564_FBXL5	1152	0.17865871772058	0.00952889933657365	0.76174693367061	0.0406189087028801	0.00944654056935556
ENSG00000121895_TMEM156	991	1.00362380463975e-09	0.0316204440007999	3.06365481731356e-08	0.965240263105198	0.00313926125383036
ENSG00000125089_SH3TC1	1134	0.802031233883369	0.0536684687599173	0.129910532053937	0.00868734972075761	0.00570241558201925
ENSG00000128039_ILMN_17863	942	0.846687013115587	0.034336975389012	0.110395034352426	0.00447290825344648	0.00410806888952838
ENSG00000132465_IGJ	776	0.897617857075106	0.0253813131910286	0.0720703751395472	0.00203498819287909	0.00289546640143946
ENSG00000138785_INTS12	757	0.781503606785282	0.101973420804794	0.0930513033600453	0.0121303297055283	0.0113413393443505
ENSG00000145214_DGKQ	600	0.161368021399258	0.0458720808074913	0.608498020553529	0.172966411815049	0.0112954654246729
ENSG00000145247_OCIAD2	413	0.647067699192456	0.00520750296640562	0.338861723850489	0.00272096578847541	0.00614210820217458
ENSG00000145348_ILMN_16160	753	0.00634589778500645	0.000830823699198579	0.860294414334571	0.112612371630034	0.0199164925511905
ENSG00000145439_CBR4	911	0.855099180359547	0.0329531611626735	0.10354707326038	0.00398600368976311	0.00441458152763612
ENSG00000157426_ILMN_5103	969	0.779554773028367	0.0480582083336494	0.156675236239904	0.00965269922920833	0.00605908316887108
ENSG00000163110_PDLIM5	933	0.74629890646526	0.0171604370971747	0.224581882546398	0.00515724632942374	0.00680152756174335
ENSG00000163743_RCHY1	896	0.765371455204578	0.0376256861026627	0.181292571006294	0.00890554405516763	0.006804743631297
ENSG00000164111_ANXA5	835	0.0850419459126263	0.743388196676614	0.00949665374621459	0.0829351936483158	0.0791380100162288
ENSG00000164306_CCDC111	1069	0.707511827164275	0.0238707881174942	0.254005412003656	0.00856385720315724	0.0060481155114169
ENSG00000168993_ILMN_30247	582	0.754824577317542	0.170090345494799	0.0492375868850581	0.0110803116201185	0.0147671786824823
ENSG00000170871_KIAA0232	1437	0.813403765656038	0.0519426842054006	0.121743836590142	0.00776922929980978	0.00514048424860968
ENSG00000171234_UGT2B7	678	0.744463934377436	0.0335513210080839	0.201293661764249	0.00906022333096318	0.0116308595192679
ENSG00000174130_TLR6	1043	2.28675325979399e-08	0.720470686296204	6.65197196741418e-09	0.209508813102671	0.0700204710816194
ENSG00000174137_FAM53A	685	0.0119642789457051	0.00338804228924812	0.0483511973325736	0.012768555152186	0.923527926280287
ENSG00000174780_SRP72	1001	0.779843718313094	0.0511731065632484	0.152082715036917	0.0099726935348121	0.00692776655192917
ENSG00000179979_CRIPAK	670	0.663664274998005	0.186144744973345	0.0986880269367114	0.0276561991640356	0.0238467539279032
ENSG00000197888_UGT2B17	630	0.720059750764637	0.0271685653964352	0.232447035423028	0.00875889041093348	0.011565758004967
ENSG00000198498_ILMN_19458	786	0.820327592302496	0.0179496622758219	0.155241852970885	0.00339377391362551	0.00308711853717103
ENSG00000213759_UGT2B11	688	0.775029260827414	0.0352561956621236	0.168583420320979	0.00765540900105589	0.0134757141884274
ENSG00000013561_RNF14	1017	0.520180954500918	0.0795924232201769	0.328580341930246	0.0502543927416751	0.0213918876069842
ENSG00000037474_NSUN2	1277	0.270984893958728	0.209045405803305	0.280847496052683	0.21663120479709	0.0224909993881948
ENSG00000047188_YTHDC2	1083	0.779578530520935	0.02648957156237	0.183735478246748	0.00623925491589572	0.00395716475405164
ENSG00000063438_AHRR	444	0.00434328709435681	0.780135210390437	0.000649060730752141	0.116485001762915	0.0983874400215385
ENSG00000082196_AMACR	870	0.0446272287400979	0.00180172143261808	0.906252902114174	0.0365771297328725	0.010741017980238
ENSG00000112992_NNT	571	0.323821602078181	0.00739457717888163	0.638220399154843	0.0145579759329798	0.0160054456551145
ENSG00000113196_HAND1	1046	0.824807905745447	0.0329036283466308	0.132692174252114	0.00528911199792866	0.00430717965787936
ENSG00000113318_MSH3	1014	0.73279726338412	0.0210211095195155	0.233573603882808	0.0066944065857345	0.00591361662782169
ENSG00000113384_GOLPH3	1124	0.692840679668706	0.178871775132061	0.0876259550342868	0.0226044744193828	0.018057115745563
ENSG00000113621_TXNDC15	822	0.0695235670891752	0.781545326988321	0.00724828843917596	0.0814209709998599	0.0602618464834676
ENSG00000120314_WDR55	712	0.0580964092560547	0.00187871925783125	0.901312348067073	0.0291370255971199	0.00957549782192067
ENSG00000123219_CENPK	832	0.135745545564937	0.00353363389789871	0.8251863993279	0.0214666122429265	0.0140678089663376
ENSG00000145495_MARCH6	1375	0.146854120850349	0.531061764708097	0.0607072805014419	0.219491044761531	0.0418857891785809
ENSG00000145839_IL9	954	0.0664269182380686	0.746627287813831	0.00592172379547388	0.0664445910178562	0.114579479134771
ENSG00000146066_HIGD2A	778	0.688545537921827	0.128730582581528	0.14263960339652	0.0266544930094274	0.0134297830906972
ENSG00000150753_CCT5	1343	0.00640594286860944	0.0231648511118617	0.20929681076978	0.756844400654714	0.00428799459503519
ENSG00000155542_C5orf35	1030	0.439234892907575	0.0516803985803233	0.381806647147345	0.0448409513178934	0.0824371100468631
ENSG00000161011_SQSTM1	948	0.000504654516192382	4.96721617088549e-05	0.900993573257829	0.0886732647787359	0.009778835285533
ENSG00000164219_PGGT1B	1023	0.287077485832217	0.0116622073125431	0.659690613809574	0.0267844207960469	0.0147852722496186
ENSG00000164253_WDR41	1024	0.0893373533318064	0.0083475372377049	0.806560188680845	0.0753432627555234	0.0204116579941201
ENSG00000164307_ILMN_10385	868	0.013501806253889	0.00787533091339829	0.272653224015523	0.158485635221373	0.547484003595817
ENSG00000164308_ILMN_22173	810	4.63949889327112e-08	2.71178438755775e-08	0.593339768067909	0.346746833821592	0.0599133245976678
ENSG00000164338_UTP15	1099	0.708302454662775	0.0226455254380954	0.255396787845942	0.00815993518823297	0.00549529686495514
ENSG00000164346_ILMN_8436	1040	0.33014386022289	0.0160192467936983	0.612691679995394	0.0297176099858402	0.0114276030021778
ENSG00000169045_HNRPH1	963	0.758601429399796	0.0771373720030737	0.140590018019186	0.0142863231383193	0.00938485743962444
ENSG00000169131_ZNF354A	952	0.776266668438503	0.0404658197793031	0.168695060607059	0.00878808015741223	0.00578437101772304
ENSG00000171421_MRPL36	1192	0.000286599702445126	0.109352997182916	0.00230015174787131	0.877619526994834	0.0104407243719337
ENSG00000205464_ILMN_15537	818	0.101343403804	0.00440712619979439	0.823566626612262	0.0357795841289804	0.034903259254964
ENSG00000205550_ILMN_31744	395	0.928353600798774	0.0162569680883001	0.0526601677681516	0.000920355519818528	0.00180890782495604
ENSG00000009844_VTA1	711	0.0415870736133476	0.813196275435676	0.00322238304363293	0.0629316197930837	0.0790626481142599
ENSG00000010017_RANBP9	1019	0.709860403809426	0.074501519910133	0.186573755061023	0.0195718622028202	0.00949245901659812
ENSG00000030110_BAK1	1755	7.31768722412635e-43	0.713905101710819	2.36120295060397e-43	0.230300434352888	0.0557944639362999
ENSG00000031691_CENPQ	703	0.0780319069276679	0.00307414431657322	0.87341356482596	0.0343979106173801	0.0110824733124183
ENSG00000047932_GOPC	813	0.838736298367251	0.0729628263034034	0.0750887313611733	0.00652538544857749	0.00668675851959513
ENSG00000048544_MRPS10	923	0.0412163457903974	0.00175236571261745	0.889160251497316	0.0377736891807095	0.0300973478189601
ENSG00000051620_HEBP2	982	0.00031435706657226	0.823390281055678	3.93519893434959e-05	0.103000761566226	0.0732552483221811
ENSG00000071242_RPS6KA2	1429	0.672526916172373	0.0530607444764791	0.24756773421359	0.0195251750617302	0.00731943007582779
ENSG00000111801_BTN3A3	1012	0.00238464583940927	0.000337710817850903	0.856807904324724	0.12132100724808	0.0191487317699358
ENSG00000111850_C6orf162	896	0.219800874219593	0.0118250003051265	0.712597739665041	0.0383193718038492	0.0174570140063901
ENSG00000112096_SOD2	1164	0.641295895208902	0.0841877087904592	0.233624315967141	0.0306593786682895	0.010232701365208
ENSG00000112242_E2F3	1148	0.501322620271347	0.358392763758403	0.0622666906362951	0.0444805748097301	0.0335373505242253
ENSG00000112297_AIM1	1044	0.0140432811886164	0.0906024745615765	0.118893178096267	0.767048941213735	0.00941212493980494
ENSG00000112584_FAM120B	664	0.672363691446273	0.0268929745637566	0.282310282215121	0.0112846023325895	0.00714844944225983
ENSG00000124532_MRS2L	1284	0.781480714922844	0.084583345872383	0.113380233095146	0.0122633853903871	0.00829232071923959
ENSG00000124587_PEX6	804	4.49378860599072e-07	1.1135931777881e-06	0.286480503884179	0.709915716795291	0.00360221634849236
ENSG00000124588_NQO2	1230	0.814543365179587	0.04046084177331	0.134047478460179	0.00665425113861432	0.0042940634483097
ENSG00000124596_C6orf130	1170	0.805103100656648	0.0729494352603463	0.105824431814449	0.00958208507015852	0.00654094719839877
ENSG00000124688_MAD2L1BP	893	0.00197714682155374	0.00492380534506236	0.282589555935037	0.703742671918358	0.00676681997998891
ENSG00000124762_CDKN1A	1052	0.0364883076663773	0.00173882068372394	0.89172909183006	0.0424670493105128	0.0275767305093262
ENSG00000130023_C6orf70	1040	0.165056514131742	0.00871242184923562	0.767770082695003	0.0405083900304971	0.0179525912935222
ENSG00000130340_SNX9	955	0.875909651285324	0.0241538453635209	0.0946589482896465	0.0026076193742965	0.00266993568721212
ENSG00000130348_QRSL1	1095	0.00750063586143929	0.0484015781659444	0.125774554285602	0.811616071628355	0.00670716005865941
ENSG00000135541_AHI1	768	0.540096511647907	0.0197971687408058	0.411941043802131	0.0150865677060751	0.0130787081030808
ENSG00000145979_TBC1D7	1013	0.789428001932798	0.0806888337388755	0.110849514891006	0.0113224139376339	0.00771123549968661
ENSG00000145996_CDKAL1	1117	0.49776865262151	0.355589821288643	0.0668755755504713	0.0477417233427395	0.0320242271966359
ENSG00000146085_MUT	699	0.0681285453011509	0.00267503445217099	0.827331846416714	0.0324153364388644	0.0694492373910996
ENSG00000146223_RPL7L1	792	0.222855809183467	0.552389987081821	0.0481387148168218	0.119263495658094	0.0573519932597958
ENSG00000146243_IRAK1BP1	866	0.818184289656081	0.0255388257976804	0.147762678381137	0.00460836226033957	0.00390584390476163
ENSG00000146281_ACY1L2	935	0.0710676252106926	0.0124359002564933	0.713238657040788	0.124728860789873	0.0785289567021532
ENSG00000146453_PNLDC1	1151	0.791896952631762	0.103060991261063	0.0843884694975042	0.0109730101492874	0.00968057646038346
ENSG00000164414_SLC35A1	893	0.410339731004672	0.0217997971974986	0.531889858975257	0.0282495745169588	0.0077210383056141
ENSG00000164484_KIAA1913	1104	0.00907967317343366	0.00032302101532795	0.94523048483286	0.0336160357107273	0.0117507852676507
ENSG00000168405_CMAH	1271	0.129953685858929	0.016896796705662	0.743763630638317	0.0966927044437131	0.0126931823533795
ENSG00000180992_MRPL14	910	0.122261690347344	0.304845739103357	0.155563628451148	0.387850888707959	0.0294780533901912
ENSG00000186470_BTN3A2	1028	0.000224844451125213	3.72982422983365e-05	0.841795546530876	0.139622637010037	0.0183196737656631
ENSG00000188820_FAM26F	862	0.015728985302162	0.0665112273253173	0.0118815125550396	0.0493853992322436	0.856492875585238
ENSG00000196126_HLA-DRB1	2170	2.85830729498122e-54	4.8102545873967e-06	5.94204873955279e-49	0.999989297502668	5.89224274664569e-06
ENSG00000196306_ILMN_5683	2059	4.08738922471598e-14	1.92842800564654e-06	2.11906849510499e-08	0.999775136656464	0.00022291372480326
ENSG00000197498_BXDC1	807	0.107404248647739	0.71033448699843	0.0143155029094858	0.0946044348634974	0.0733413265808472
ENSG00000198502_HLA-DRB5	2217	7.71048430771254e-53	0.000129759989688121	5.9401249999747e-49	0.999665351751145	0.000204888259166281
ENSG00000204261_PSMB9	2192	5.13870998325624e-54	8.64795164384938e-06	5.94205579036187e-49	0.999990489114931	8.62933427102595e-07
ENSG00000005075_POLR2J	529	0.709127602358114	0.168384648830866	0.0755661542430218	0.0179144212073675	0.0290071733606314
ENSG00000064419_TNPO3	739	4.89884511210533e-05	0.000231749521499857	0.00349242436699162	0.0155409157495678	0.98068592191082
ENSG00000105778_KIAA0241	1038	0.724048228039998	0.0196939580249361	0.24518115154711	0.00666446304968386	0.00441219933827159
ENSG00000105829_BET1	726	0.775092037252216	0.0188949399249703	0.197438104974309	0.00480931588138144	0.00376560196712272
ENSG00000105928_DFNA5	1355	0.65018970689495	0.0489688692370034	0.27050984970878	0.0203634110479671	0.00996816311129886
ENSG00000105971_CAV2	688	0.032141761767601	0.0090143330446806	0.737071749908644	0.206700735870266	0.015071419408809
ENSG00000106121_ILMN_22269	1048	0.000189914606999155	8.07808246371997e-06	0.946562058542459	0.0402493488101357	0.012990599957942
ENSG00000106153_CHCHD2	599	0.00131565330685559	2.34871985361832e-05	0.962338292718115	0.0171606151387738	0.0191619516377195
ENSG00000106392_C1GALT1	1121	0.247861621326469	0.605363342004489	0.0280505410183047	0.0684588046725568	0.0502656909781812
ENSG00000106591_MRPL32	986	0.642987620301492	0.0741499789228272	0.242816497200091	0.0279897865016987	0.012056117073891
ENSG00000106610_ILMN_35010	714	0.828000696411975	0.036802822731654	0.125040559371259	0.00555317705061732	0.00460274443449423
ENSG00000126870_WDR60	665	0.369259842004619	0.358701828531151	0.120026135432128	0.116558850595234	0.0354533434368677
ENSG00000127952_STYXL1	403	0.505307601142295	0.337241966153771	0.0680084433768159	0.0453446938242178	0.0440972955028996
ENSG00000128534_LSM8	652	0.279997473807368	0.0811996935600355	0.483055106116145	0.140071039295891	0.0156766872205612
ENSG00000128578_FAM40B	750	0.139261894960998	0.65905368292919	0.0223752188944573	0.105816711162499	0.0734924920528561
ENSG00000128604_IRF5	738	1.8919659155634e-08	8.95008693181043e-08	0.0779357845760819	0.368127148317138	0.553936958686252
ENSG00000136240_KDELR2	796	0.257837909250165	0.625184950490945	0.0191678898709112	0.0464253980716897	0.0513838523162893
ENSG00000146535_GNA12	1095	0.000416378477255317	0.169074238417093	0.000136702586879947	0.0547336801140917	0.77563900040468
ENSG00000154710_RABGEF1	522	0.902230123185527	0.0343063126348394	0.0576334237647177	0.00218780550425887	0.00364233491065714
ENSG00000158604_TMED4	775	0.859748433619887	0.0421546360405662	0.0888666009362615	0.00435237245740798	0.00487795694587691
ENSG00000160916_ATP5J2	592	0.00138396354453295	0.832447821987434	0.000142823137698953	0.0858272742123123	0.080198117118022
ENSG00000161036_ILMN_12314	529	0.741237911748984	0.17599001037303	0.0523143760593892	0.0124027986978866	0.0180549031207109
ENSG00000168090_COPS6	558	0.00140782703679972	0.848472717564198	0.000113193958713308	0.0681381498670939	0.081868111573195
ENSG00000169193_CCDC126	1085	0.101038989664137	0.0126911679237598	0.775996542951349	0.0974575020233301	0.0128157974374235
ENSG00000170356_ILMN_115008	687	0.869119863757773	0.0167554057678416	0.107790355339545	0.00207378550837098	0.00426058962646875
ENSG00000174353_ILMN_28376	324	0.557379543176181	0.370989600608782	0.0215326012248403	0.0142962114403872	0.0358020435498096
ENSG00000178381_ZFAND2A	603	2.20656065824707e-09	0.525893402484471	1.78225551122362e-09	0.424718637972488	0.0493879555542231
ENSG00000188191_PRKAR1B	475	3.5131932280335e-09	0.837305393432538	4.11378940771456e-10	0.0979799368791524	0.0647146657637388
ENSG00000188372_ZP3	550	1.65327180487467e-05	1.10910092409429e-05	0.587815015520246	0.39431912135051	0.0178382394019534
ENSG00000188707_C7orf29	851	0.791718440441784	0.0498223583010681	0.142110998397672	0.00893554574706529	0.00741265711241085
ENSG00000189077_TMEM120A	403	0.276269272566026	0.184381933811049	0.303241565669374	0.202349467020777	0.0337577609327733
ENSG00000196313_ILMN_19309	490	0.833015483458796	0.10991385955977	0.0411379804954521	0.0054175162515891	0.0105151602343932
ENSG00000196511_TPK1	665	0.850436475939147	0.0165471752374953	0.127967661725283	0.00248734046639015	0.00256134663168528
ENSG00000196937_FAM3C	726	0.853557160770503	0.0238022370347612	0.11515886851026	0.00320703769281402	0.00427469599166191
ENSG00000197448_GSTK1	731	0.919671614043768	0.016070605240843	0.0617038611576571	0.00107675378031036	0.00147716577742181
ENSG00000213214_ILMN_28207	680	0.856327244913105	0.0164200027474457	0.119840222869163	0.00229280645001168	0.00511972302027493
ENSG00000214253_FIS1	672	0.398672065567222	0.493287256863598	0.0289384346421911	0.0357629342567044	0.0433393086702847
ENSG00000036448_MYOM2	1553	0.552600005975469	0.108981964934577	0.269920664439257	0.0532175904192998	0.0152797742313973
ENSG00000066827_ZFAT1	1311	2.51835236155025e-14	0.81215847314239	3.33176027249744e-15	0.107367450093874	0.0804740767637064
ENSG00000070718_AP3M2	681	0.6659287584774	0.034648805515566	0.279050840697777	0.0145133800443944	0.00585821526486263
ENSG00000104427_C8orf70	710	0.0085925472163059	0.000280839301208545	0.949473456583825	0.031022013234134	0.0106311436645262
ENSG00000104497_SNX16	798	0.298587862003223	0.024200885988126	0.617384433142793	0.0500299139429723	0.0097969049228861
ENSG00000104518_GSDMDC1	613	0.923257028916137	0.0169514709854924	0.0562033740871484	0.0010293639152147	0.00255876209600738
ENSG00000104687_GSR	808	0.886100203852194	0.0327046047092055	0.0754118491928199	0.00278033312772001	0.00300300911806055
ENSG00000104723_TUSC3	1482	0.811665969392985	0.0371785299003779	0.14047887013054	0.00643041788617024	0.00424621268992715
ENSG00000104763_ASAH1	1717	0.719051042536441	0.0358928527846446	0.228633277292856	0.0114076663846587	0.00501516100140008
ENSG00000136982_ILMN_3628	946	0.59178819122726	0.0972751825399654	0.25755377681656	0.0423243429514992	0.0110585064647155
ENSG00000147421_HMBOX1	952	1.33351140124638e-11	0.0408663926326505	3.11679604956899e-10	0.955160046773796	0.00397356026853999
ENSG00000147454_SLC25A37	1074	0.820779053574083	0.0323404438452491	0.137402109701722	0.005409867409759	0.00406852546918712
ENSG00000147592_LACTB2	835	0.850348691453138	0.0422665087015093	0.0976917213973024	0.00485091646268943	0.00484216198536076
ENSG00000147647_DPYS	838	0.891190306229146	0.0299067778012978	0.0733877103885254	0.00245970686819658	0.00305549871283401
ENSG00000147813_NAPRT1	613	0.271146501702739	0.00497211145741952	0.702000017671692	0.0128638106323317	0.00901755853581822
ENSG00000154319_C8orf13	1114	0.00018956270972967	0.365336164961981	0.000311149564868023	0.599630818125203	0.0345323046382193
ENSG00000156795_C8orf32	1073	0.00765647063388529	0.000498486877595131	0.869158526931275	0.0565218039416767	0.0661647116155686
ENSG00000160959_LRRC14	346	0.939548406604727	0.0126976913682656	0.0449261987357125	0.000604940212117518	0.0022227630791777
ENSG00000161016_RPL8	265	0.00154599365693703	1.58004380047826e-05	0.976781521274987	0.00997126360458701	0.0116854210254843
ENSG00000172728_FUT10	665	0.206534582156006	0.00711693525400548	0.74886709394157	0.0257933784624673	0.011688010185951
ENSG00000173566_NUDT18	1124	0.539967551033571	0.0199172103439683	0.418140314370396	0.0154169402960182	0.0065579839560462
ENSG00000176209_C8orf40	584	0.0169412011753265	0.000719764080711483	0.919647738935435	0.0390485223311614	0.0236427734773654
ENSG00000205038_PKHD1L1	690	0.000793831174521304	1.86394710954661e-05	0.926059329290276	0.0216928052636768	0.0514353948004307
ENSG00000215374_ILMN_41203	832	0.219351752022957	0.648542623982263	0.0175889024287576	0.0519413536132963	0.0625753679527262
ENSG00000054179_ENTPD2	691	6.03011904926143e-23	0.842643708665692	5.75331581216213e-24	0.080319308984967	0.0770369823493406
ENSG00000070214_SLC44A1	1016	0.826509330493423	0.0473009611155339	0.112385100510233	0.00642439626455048	0.00738021161625928
ENSG00000090054_SPTLC1	889	0.476393824468023	0.395383341648209	0.0463500585060239	0.0384248110189854	0.0434479643587593
ENSG00000106733_C9orf95	1023	0.00386586872728787	0.000263189826658098	0.921151990232156	0.0627003624405345	0.0120185887733637
ENSG00000106789_CORO2A	1120	0.843203232588134	0.0452676184700339	0.101522589185706	0.00544570980335405	0.0045608499527716
ENSG00000119314_ROD1	994	0.705713693170454	0.0348084209568323	0.240661567817252	0.0118633695942116	0.00695294846124973
ENSG00000119383_PPP2R4	728	0.877072936770021	0.0447245201913237	0.0700626295717257	0.00356812708456629	0.00457178638236293
ENSG00000119431_HDHD3	1192	0.768380227924639	0.0945890739819858	0.113215901524122	0.0139272061764873	0.0098875903927658
ENSG00000130560_UBAC1	970	1.49226788662921e-07	0.842553730552877	1.53509614741765e-08	0.0866026685619759	0.0708434363073967
ENSG00000130653_PNPLA7	590	5.54878299170543e-23	0.77538221725232	4.1506314239732e-24	0.0578337866033626	0.166783996144321
ENSG00000130956_HABP4	800	6.60207535305772e-09	0.741702632393366	1.66031111881893e-09	0.186453917256725	0.0718434420875238
ENSG00000131669_NINJ1	894	0.844216577565013	0.0649160345723508	0.0785735287127318	0.00603565336280502	0.00625820578709963
ENSG00000136861_CDK5RAP2	874	0.498326561917485	0.0183704181346145	0.459101847089804	0.0169171457382959	0.00728402711980068
ENSG00000136872_ALDOB	1145	0.818346299798198	0.0647017603280298	0.102207740813163	0.00807428646417637	0.00666991259643293
ENSG00000137054_POLR1E	981	0.617305393007144	0.0249752724883675	0.334473599761189	0.0135225890434213	0.00972314569987842
ENSG00000148290_SURF1	1107	0.474065962305065	0.0210437553486758	0.475452731535781	0.0210969733616694	0.00834057744880913
ENSG00000148296_SURF6	1117	0.649943866283587	0.0289500767004482	0.301457696635045	0.0134214302757821	0.00622693010513732
ENSG00000148384_INPP5E	802	2.94155124454306e-24	0.0411049869775877	6.8343855489206e-23	0.955027357822674	0.00386765519974032
ENSG00000156052_GNAQ	923	0.887566160479808	0.0261299846301335	0.0812658784223086	0.00238982268239579	0.00264815378535461
ENSG00000157653_C9orf43	1201	0.740316208675451	0.09107955623463	0.139279108753358	0.0171230156102352	0.0122021107263254
ENSG00000159884_CCDC107	774	0.867350930377906	0.0216511527697488	0.105687480143058	0.00263553726853393	0.00267489944075239
ENSG00000164978_NUDT2	730	0.294403713206596	0.0142473618330074	0.643532376097023	0.0311263905917842	0.0166901582715887
ENSG00000165029_ABCA1	1079	0.807909761981522	0.0453397927156602	0.133655023437195	0.0074951025353875	0.00560031933023542
ENSG00000175768_C9orf105	983	0.0389534665275483	0.00155685121886921	0.885470199533722	0.0353508738967588	0.0386686088231019
ENSG00000196152_ZNF79	737	0.136964362847863	0.00312288043211179	0.829913782560085	0.0189115100496356	0.0110874641103043
ENSG00000204001_LCN8	696	5.82502033577268e-23	0.813983388833717	5.67492225918482e-24	0.0791940585710492	0.106822552595233
