gene	nsnps	PP.H0.abf	PP.H1.abf	PP.H2.abf	PP.H3.abf	PP.H4.abf
ENSG00000055950_MRPL43	3536	0.000916201023379962	9.56178318480634e-05	0.898598903315823	0.0937742000965742	0.00661507773237492
ENSG00000067057_PFKP	7466	0.295046229648572	0.0560056645040785	0.53808558297574	0.102130653780797	0.00873186909081224
ENSG00000078114_NEBL	5546	0.509011971053161	0.0832046343679737	0.342512860509997	0.0559788951734864	0.00929163889538211
ENSG00000089876_DHX32	5351	0.111678135022567	0.010731734964145	0.794516106746583	0.0763424685875484	0.00673155467915689
ENSG00000095787_WAC	6250	0.437285132479212	0.15999511830991	0.283359802457767	0.103660785015685	0.0156991617374256
ENSG00000107951_PAPD1	5903	7.14678703548052e-07	0.477744975226872	6.90149166133445e-07	0.461286621281754	0.0609669986635053
ENSG00000119979_FAM45A	5139	0.19733775450659	0.0209436313946734	0.678441328840753	0.0719722766155653	0.0313050086424182
ENSG00000120616_EPC1	4910	0.457896273695659	0.147077971506606	0.287426653618116	0.0923072090749637	0.0152918921046551
ENSG00000127884_ECHS1	3574	0.63161461845677	0.0699167601347589	0.261524161049689	0.0289414885428531	0.00800297181592932
ENSG00000134463_ECHDC3	5866	0.343078863859779	0.192653070462465	0.277017564953152	0.155525174506797	0.0317253262178076
ENSG00000138185_ENTPD1	5318	0.0428357782189118	0.00387627672160713	0.867063310402089	0.0784541477043074	0.00777048695308462
ENSG00000148484_RSU1	5518	0.452934435938761	0.0584124788167589	0.426289711011904	0.0549688597477364	0.00739451448483863
ENSG00000151640_DPYSL4	6678	0.175944892091348	0.0301310205937701	0.671816820113938	0.115043314614724	0.00706395258621963
ENSG00000151893_C10orf46	4828	0.54424357291255	0.0553833911850689	0.357579647388374	0.0363816587533638	0.00641172976064351
ENSG00000156398_SFXN2	3262	0.000279332566008464	0.466211714125614	0.000252634962646263	0.421541157851835	0.111715160493897
ENSG00000165730_STOX1	5741	0.189260391861956	0.0297041913541452	0.666195316990817	0.104548263604002	0.0102918361890796
ENSG00000165983_PTER	5561	2.10664694013364e-09	2.55216990352363e-10	0.885768055311061	0.107302488617271	0.00692945370980357
ENSG00000166169_POLL	3216	0.247614927142082	0.0557597193588531	0.55850240922806	0.125755242349837	0.0123677019211678
ENSG00000173915_USMG5	3895	6.00314949663929e-13	1.00194384563512e-09	0.00059878779955543	0.999394979586793	6.2316111071962e-06
ENSG00000183605_SFXN4	5181	0.583633871054628	0.0622797696379955	0.313889567657553	0.0334885546924497	0.00670823695737452
ENSG00000188690_UROS	5269	0.0114474569298199	0.00109428962172622	0.895421626094301	0.0855890343127924	0.00644759304136037
ENSG00000197771_C10orf119	5474	0.12488932623778	0.0147795734567967	0.760517790347012	0.0899908917038954	0.00982241825451673
ENSG00000205703_C10orf139	5869	0.56723171281984	0.0631675188913609	0.327114738036458	0.0364217763049661	0.00606425394737591
ENSG00000014138_POLA2	2890	0.382244984319284	0.22746285883139	0.225212690297553	0.133986420542607	0.0310930460091656
ENSG00000066336_SPI1	2729	0.0476504058870538	0.088875700281995	0.297354392857075	0.55460243438099	0.0115170665928863
ENSG00000074319_TSG101	5160	0.00543330039312403	0.000658976360295636	0.855134276656667	0.103679634331319	0.0350938122585946
ENSG00000078124_PHCA	4268	0.000237509183095857	0.000662462283342628	0.263144093655583	0.733961361533389	0.00199457334458847
ENSG00000099834_MUPCDH	4545	0.488733165085765	0.071045321870392	0.375890591512926	0.0546321179788255	0.00969880355209156
ENSG00000110074_FOXRED1	5731	0.010980498494061	0.00329210842075629	0.752357063261817	0.22555945501201	0.00781087481135583
ENSG00000110076_NRXN2	2738	0.615752739435266	0.169311785163709	0.15624215745466	0.0429457155016245	0.0157476024447404
ENSG00000110080_ST3GAL4	5754	0.465299568101047	0.139203250310976	0.279141266103919	0.0834775613743621	0.0328783541096964
ENSG00000110315_RNF141	6331	0.000567215470496971	0.55531536444715	0.00040237500585953	0.393883399455315	0.0498316456211786
ENSG00000110455_ILMN_3829	5403	0.382722543963201	0.0742124350608342	0.445687873352537	0.0864108630021234	0.010966284621305
ENSG00000110768_GTF2H1	5165	0.136142252343015	0.0168517053806184	0.746741679342333	0.0924239400062639	0.0078404229277697
ENSG00000120451_SNX19	5179	0.22808762688566	0.0292244561704471	0.555015374998562	0.0709964426702089	0.116676099275122
ENSG00000131626_PPFIA1	5084	0.00919777848450435	0.00279024126907676	0.737436531089314	0.223682108331341	0.0268933408257634
ENSG00000134627_PIWIL4	4414	0.624238318330457	0.0525085336902344	0.293198587357665	0.0246573436788334	0.00539721694281044
ENSG00000134809_TIMM10	5057	0.00541937897871606	0.00110262718545614	0.818039685059011	0.166429396497364	0.00900891227945302
ENSG00000149084_HSD17B12	5973	2.79930909019433e-05	5.22969432800597e-06	0.786176597696744	0.146807233559381	0.0669829459586461
ENSG00000149089_APIP	5442	2.85907376511683e-05	5.17900315033e-06	0.834913976028362	0.151224736693791	0.0138275175370452
ENSG00000159063_ALG8	4013	0.0548005087527319	0.156053674173566	0.201176581991006	0.572869084538909	0.0151001505437872
ENSG00000165434_PGM2L1	4024	0.616635455246523	0.0620710401652512	0.285372745379502	0.0287186568955895	0.00720210231313454
ENSG00000165526_RPUSD4	5710	0.384774412096912	0.115295425906337	0.34579149957756	0.103563846947439	0.050574815471752
ENSG00000166435_XRRA1	4104	0.000735206652883643	0.000425715172573362	0.629177931944748	0.364314795240004	0.00534635098979037
ENSG00000166439_RNF169	4221	0.00796194169294126	0.00462607992941239	0.62082525942123	0.360708553444428	0.00587816551198788
ENSG00000166788_SAAL1	4989	0.377317960747613	0.046506478290888	0.504359094836359	0.0621553236580012	0.00966114246713901
ENSG00000166796_LDHC	5139	0.0813650544717437	0.0100560735159244	0.79796137302892	0.0986096705092879	0.0120078284741244
ENSG00000168000_BSCL2	4220	0.538039943941652	0.135163891523767	0.250014400997904	0.062793466346968	0.0139882971897089
ENSG00000168002_POLR2G	4149	0.562148449490657	0.13920926432399	0.229525457294761	0.0568269134704145	0.0122899154201773
ENSG00000168071_CCDC88B	2898	0.327870339435878	0.0817275332974568	0.454685251718882	0.113316012467183	0.0224008630806
ENSG00000172890_NADSYN1	5030	0.171266417687085	0.0827058756017676	0.493789085613711	0.238440764572018	0.0137978565254187
ENSG00000173113_ILMN_22312	2931	0.549834651915947	0.133726126769372	0.242663840067029	0.0590038722342821	0.0147715090133693
ENSG00000173715_C11orf80	2711	0.637880638866992	0.0688506201986985	0.256685987972989	0.0276969079844877	0.00888584497683245
ENSG00000173992_CCS	2494	0.280615332502101	0.142956782820133	0.367241324020171	0.187065440105762	0.0221211205518329
ENSG00000175390_EIF3F	6054	0.482599893016388	0.133009745519776	0.290993812892672	0.0801878306125024	0.0132087179586611
ENSG00000175567_UCP2	3787	0.322778726145022	0.0319927023698635	0.580451731950391	0.0575251009109656	0.00725173862375791
ENSG00000175575_PAAF1	3752	0.365737911078868	0.0362565166505197	0.5358365203964	0.0531097592252356	0.00905929264897718
ENSG00000175581_MRPL48	3722	0.483252565294373	0.0485779833917883	0.416276645811463	0.0418353075117128	0.0100574979906629
ENSG00000176148_TCP11L1	4680	0.0609558882018036	0.0147231862695802	0.738194306012683	0.178294421960175	0.00783219755575795
ENSG00000177042_TMEM80	5055	0.495520009386376	0.076839821011859	0.362042254944403	0.0561320855546801	0.00946582910268173
ENSG00000177685_EFCAB4A	5430	0.505727451219992	0.0809275683676399	0.349176208745855	0.0558676087515367	0.0083011629149763
ENSG00000177697_CD151	5447	0.000256570859676907	4.11132581731551e-05	0.8313194462319	0.133176535093664	0.0352063345565862
ENSG00000179057_IGSF22	4985	0.568624277853501	0.0690956933286661	0.316336310572822	0.0384317132538584	0.00751200499115317
ENSG00000182919_C11orf54	4878	0.14418074666572	0.0141658847305873	0.75695941058765	0.0743615931806672	0.0103323648353746
ENSG00000184524_CEND1	5336	0.415277026467846	0.0659788464227125	0.44056686277017	0.069988684651873	0.00818857968739865
ENSG00000185187_SIGIRR	3861	0.576020570025636	0.0753469000070408	0.300936122789932	0.0393558855707887	0.00834052160660165
ENSG00000196655_TRAPPC4	4424	0.000170404119900715	2.3496211626672e-05	0.871747086278271	0.120193183511317	0.0078658298788851
ENSG00000197345_MRPL21	4501	0.000434453518397909	7.20182648574018e-05	0.808149097826654	0.133907402262792	0.0574370281272981
ENSG00000202477_SNORD25	4183	0.525887265602584	0.0939299385894514	0.313381707998294	0.0559629922530604	0.0108380955566101
ENSG00000205339_IPO7	5021	0.000379706890921117	0.37199213651193	0.000606166880164894	0.593817785142244	0.0332042045747407
ENSG00000213931_HBE1	8486	0.438853329043016	0.101942872894404	0.364649232042746	0.0846958683712052	0.0098586976486287
ENSG00000010626_LRRC23	2326	0.00463246609300145	0.000203765103872985	0.942259434349296	0.0414350491912676	0.0114692852625617
ENSG00000076067_RBMS2	2622	0.0771069574984997	0.20615758223004	0.1706007895937	0.456037955151355	0.090096715526404
ENSG00000089127_OAS1	3937	9.28712307530339e-07	0.00231541331497248	0.000399903658340315	0.997017052568701	0.000266701745679074
ENSG00000089163_SIRT4	4712	0.00079276161453378	0.541999725822863	0.000589955450852762	0.403290738721346	0.0533268183904045
ENSG00000110906_KCTD10	3783	1.35907653436206e-05	3.15268063669276e-06	0.801178416794634	0.185838206372865	0.0129666333865207
ENSG00000110931_CAMKK2	4832	0.000475381986629399	0.325027538038794	0.000944403914304694	0.645678711084816	0.0278739649754563
ENSG00000111321_LTBR	3760	0.640731018793067	0.0507875422778342	0.280741364339179	0.0222474707963095	0.00549260379361052
ENSG00000111358_GTF2H3	4413	0.248180661953559	0.393537748118946	0.120390398166711	0.190854888999286	0.047036302761498
ENSG00000111364_DDX55	4350	0.130129283634249	0.206201795527505	0.248619633611013	0.393939522479049	0.021109764748185
ENSG00000111371_SLC38A1	3688	0.0157346770822869	0.00190471877964503	0.84934437395328	0.102784854755308	0.0302313754294804
ENSG00000111581_NUP107	5025	0.255302325128163	0.284323893980898	0.201382115432859	0.224239536047313	0.0347521294107675
ENSG00000111666_CHPT1	4620	0.0410226879295716	0.00336468997970751	0.872775143388341	0.0715739476705884	0.0112635310317908
ENSG00000111711_GOLT1B	5525	0.51924202166873	0.108438165537082	0.298856321578037	0.0624018979104962	0.011061593305654
ENSG00000111725_PRKAB1	4564	0.612730936353152	0.0640058390343031	0.286736680335472	0.0299459168194885	0.00658062745758425
ENSG00000111780_ILMN_16367	4699	0.000657444555823301	0.44948774284462	0.000751913645867349	0.514040176781094	0.0350627221725956
ENSG00000123297_TSFM	3825	0.119351129262151	0.110083263759828	0.393420193583373	0.362856001019099	0.0142894123755493
ENSG00000123427_FAM119B	3829	0.000835468225791421	0.000770592557131628	0.515285702686893	0.475264961876879	0.00784327465330501
ENSG00000127337_YEATS4	5291	0.0517267903031163	0.0581044124540256	0.415040452614713	0.466203680109799	0.00892466451834534
ENSG00000134545_KLRC1	4689	0.620188453977341	0.0625657443826405	0.282825154171042	0.0285260236784047	0.00589462379057227
ENSG00000135426_KIAA0748	4307	0.0377356069069639	0.526007680167322	0.0258165760101408	0.359814190603158	0.0506259463124149
ENSG00000136026_CKAP4	4563	0.617009157069072	0.0759724227289677	0.267057102354508	0.0328756922722877	0.00708562557516372
ENSG00000136048_ILMN_20048	4518	0.626081358945664	0.0517285231468634	0.292695026421726	0.0241779319228332	0.00531715956291278
ENSG00000139187_KLRG1	453	0.948918197880995	0.0104193342927372	0.0392075555848618	0.000429482309673217	0.00102542993173293
ENSG00000139190_VAMP1	3561	0.160903647881779	0.0112545372421828	0.766196230842882	0.053584160557576	0.0080614234755806
ENSG00000139192_TAPBPL	3586	0.034677481460457	0.00244682626339988	0.888884108133601	0.0627079476716094	0.011283636470933
ENSG00000139197_PEX5	1328	0.86705968441583	0.0166927459108012	0.112459482495381	0.00216345996880727	0.0016246272091797
ENSG00000150045_KLRF1	2870	0.718422546830496	0.0527557839306527	0.208183441726938	0.0152821383221978	0.00535608918971562
ENSG00000155957_TMBIM4	3929	0.616615257691152	0.0540581035274749	0.29747865343564	0.0260739111818443	0.00577407416388881
ENSG00000157895_C12orf43	4646	0.000477999870616751	0.326815637607927	0.000511617440214192	0.349477754124645	0.322716990956597
ENSG00000165714_LOH12CR1	5147	0.495073862872544	0.0469788267984446	0.411661321553265	0.0390563675006933	0.00722962127505356
ENSG00000166888_STAT6	2893	0.0612756577084614	0.165069003402442	0.204739633587114	0.551525727421235	0.017389977880748
ENSG00000166896_XRCC6BP1	3888	0.18087063406434	0.169015173186965	0.325064847020553	0.303736628423264	0.0213127173048784
ENSG00000171840_NINJ2	4237	0.607671527027359	0.098846376355324	0.244162382310821	0.0397068551013239	0.0096128592051729
ENSG00000176422_SPRYD4	2755	0.000951831392158444	0.0025453818518244	0.249304876468221	0.66660903006008	0.0805888802277163
ENSG00000177627_C12orf54	4770	0.344730007695303	0.100777700534084	0.417843074930111	0.122136920231907	0.0145122966085951
ENSG00000184752_NDUFA12	6701	0.225969282606531	0.0859218908793243	0.488547458598486	0.185750027633188	0.0138113402824709
ENSG00000185163_DDX51	5215	0.485554405634417	0.111990747969346	0.318045927425019	0.073344672799184	0.0110642461720337
ENSG00000185480_C12orf48	4436	0.489033924915804	0.0425499532737063	0.425370480588752	0.0370046716843578	0.00604096953737958
ENSG00000186081_KRT5	4919	0.564089825222599	0.079196243906028	0.305752040074831	0.0429184765437639	0.00804341425277807
ENSG00000186611_ILMN_34849	1724	0.80836884779399	0.0354626149584269	0.146069702156822	0.00640428816890838	0.00369454692185207
ENSG00000032742_IFT88	5499	0.354038274803647	0.0395715965262848	0.535908178760841	0.0598889821186079	0.0105929677906194
ENSG00000102796_DHRS12	3523	0.302682377739474	0.0315058110572214	0.588259677435823	0.0612148397182686	0.0163372940492134
ENSG00000122034_GTF3A	5937	0.0105491838812803	0.484296089726903	0.00983039867197261	0.45125374457211	0.0440705831477332
ENSG00000136111_TBC1D4	5750	0.026488616699179	0.00421950511415621	0.822503424694064	0.131004927986967	0.0157835255056338
ENSG00000139617_ILMN_28859	4522	5.56703190886863e-05	9.44018425034776e-05	0.0333174198605209	0.0555864096521344	0.910946098325753
ENSG00000151287_C13orf27	5536	0.478817427166066	0.0573039663313929	0.407986677476764	0.0488200039149606	0.00707192511081586
ENSG00000169062_UPF3A	2622	0.540808757038062	0.20614383768147	0.168012539975826	0.0640214957771772	0.0210133695274655
ENSG00000174032_SLC25A30	4232	0.585193983681089	0.0492873873371299	0.331383996919954	0.0279042606264026	0.00623037143542467
ENSG00000089916_C14orf118	4635	0.0160699596766599	0.0404457577312148	0.261721320405763	0.658691532166628	0.0230714300197344
ENSG00000092020_PPP2R3C	5204	0.0829627972387579	0.193528370386134	0.207388460487502	0.483745319659894	0.0323750522277117
ENSG00000092094_OSGEP	5010	0.0666431827032402	0.00714447977624634	0.82833972252093	0.0887930477525901	0.00907956724699279
ENSG00000092203_TOX4	6813	0.360738973281474	0.0801221791416682	0.446780851809366	0.0992194315129625	0.0131385642545298
ENSG00000100439_ABHD4	6147	0.467655284298274	0.112469044834824	0.32962280122979	0.0792618470160243	0.0109910226210875
ENSG00000100445_C14orf124	5572	0.253111948200616	0.0310260504045539	0.627363515334227	0.0768895891188479	0.0116088969417554
ENSG00000100490_CDKL1	4297	0.0732993455090307	0.00631252330364728	0.84131779633327	0.0724474783123783	0.00662285654167336
ENSG00000100744_C14orf129	5924	0.123680336381867	0.0180929272485621	0.74249876941269	0.10861141255157	0.00711655440531101
ENSG00000100814_CCNB1IP1	4748	0.404335305498331	0.0406945884888724	0.498200689078418	0.050135096444108	0.00663432049027085
ENSG00000100908_C14orf122	5197	0.500295953820839	0.0653508502599621	0.37724479546726	0.049269529758115	0.00783887069382399
ENSG00000100931_CHMP4A	5272	0.559861644796225	0.0760134757450776	0.313768551326417	0.0425931872680528	0.0077631408642281
ENSG00000119599_WDR21A	5391	0.370678745648356	0.065932694390003	0.470144589628381	0.0836150728448864	0.00962889748837325
ENSG00000119632_FAM14A	6279	0.516074960148213	0.0942767099205106	0.32175430084882	0.058769035601812	0.00912499348064487
ENSG00000119684_MLH3	3692	1.49060202690582e-05	0.000602023118705435	0.0124342783138101	0.501709368809157	0.485239423738058
ENSG00000119718_EIF2B2	3736	7.92540339648274e-05	0.00320115543818335	0.0121414409315983	0.489911154907279	0.494666994688975
ENSG00000125375_ATP5S	4303	0.593189137495769	0.051093602510696	0.322067646800302	0.0277349782557169	0.00591463493751614
ENSG00000129514_FOXA1	4472	0.636891768930514	0.0650604863959215	0.264837697928355	0.0270478370469239	0.00616220969828485
ENSG00000134007_ADAM20	4928	0.572532403918463	0.0840098849672543	0.29147518101218	0.0427600535680236	0.00922247653407864
ENSG00000139998_RAB15	4584	0.54124249706904	0.0525586951164733	0.362232805186469	0.0351667157032663	0.00879928692475184
ENSG00000140092_FBLN5	5257	0.464183315330445	0.0729031807741828	0.388465116423351	0.0609976663780089	0.0134507210940123
ENSG00000140104_C14orf79	3705	0.636042577807814	0.0575887138473076	0.275459606266511	0.0249347528839553	0.00597434919441198
ENSG00000155465_SLC7A7	6030	0.450164655587947	0.105332336684119	0.350355686994655	0.0819662299720042	0.0121810907612739
ENSG00000157326_DHRS4	5032	0.533438537052375	0.0670673181695707	0.347634571036136	0.0436986896018676	0.00816088414005004
ENSG00000165501_PPIL5	4130	0.556044187231548	0.0423699753431223	0.367868589939946	0.0280255033356293	0.00569174414975433
ENSG00000165819_METTL3	6771	0.411701801911119	0.0923200174396756	0.396310037427894	0.0888577575852188	0.010810385636093
ENSG00000166166_C14orf172	4843	0.381132207403155	0.0929137925453878	0.376982492591204	0.0918450335364253	0.0571264739238278
ENSG00000177465_ACOT4	5054	0.466860243212418	0.0908307243652114	0.361315661698984	0.0702856255874974	0.0107077451358885
ENSG00000182512_GLRX5	6668	0.296037038068388	0.0462296421336144	0.562025031668814	0.0877588254439747	0.00794946268520865
ENSG00000183648_NDUFB1	5523	0.359840770228564	0.0625973055462568	0.485085363160527	0.0843765478811869	0.00810001318346485
ENSG00000184990_SIVA1	4307	0.366717464314314	0.0405044996928024	0.527310126100274	0.0582349696245212	0.00723294026808842
ENSG00000187630_DHRS4L2	5090	0.554648786665763	0.0700781371481058	0.326330757258345	0.041223150009159	0.0077191689186267
ENSG00000197195_CHURC1	4607	5.30275167579669e-09	5.13016502213617e-10	0.905379629562285	0.0875842219683952	0.00703614265355182
ENSG00000198805_NP	5022	0.553140963951819	0.0594472798177157	0.343421921376553	0.0369012229869605	0.00708861186695165
ENSG00000198894_KIAA1737	6124	0.307710665898815	0.0370514649034898	0.578409711240155	0.0696391687451	0.00718898921244008
ENSG00000205659_LIN52	4356	2.25062707123153e-05	0.000343819804220157	0.0612804119142711	0.936155528982939	0.00219773302785711
ENSG00000051180_RAD51	3742	0.000581369375764968	7.43694126730289e-05	0.878496011726385	0.112369701575052	0.00847854791012538
ENSG00000064726_BTBD1	2541	0.681961831109345	0.043418762876944	0.252616455814604	0.0160775172077591	0.00592543299134791
ENSG00000074696_PTPLAD1	3797	0.0489774939121472	0.037079391285664	0.513851154088988	0.389010211157596	0.0110817495556042
ENSG00000103657_HERC1	4326	0.565133042535248	0.064384474256001	0.326123927211212	0.0371474339179627	0.00721112207957631
ENSG00000103671_TRIP4	3510	0.484835866272861	0.0899688384249043	0.343297196095468	0.0636859238339328	0.0182121753728342
ENSG00000103811_CTSH	5557	4.80016040799515e-13	0.262877203517098	1.12503548319505e-12	0.61599616225309	0.121126634228209
ENSG00000103932_RPAP1	3825	0.146147164194073	0.0230451680811028	0.708095191310931	0.111644692292836	0.0110677841210566
ENSG00000104047_DTWD1	4275	0.134835580956255	0.0151590518966395	0.756024110745676	0.0849879240141004	0.00899333238732886
ENSG00000104055_TGM5	2192	0.135293986374453	0.00500473404917352	0.819717327123496	0.0303129421944266	0.00967101025845069
ENSG00000136371_MTHFS	5692	1.68270811226917e-11	0.471741057933203	1.74574516606113e-11	0.489374380588201	0.0388845614443099
ENSG00000137806_NDUFAF1	3882	0.142999378999809	0.0227560364950515	0.686531316562879	0.109211845004941	0.0385014229373201
ENSG00000140264_SERF2	2081	0.667958351752994	0.0243617852793259	0.292995138286779	0.0106821197080369	0.00400260497286425
ENSG00000140400_MAN2C1	2954	0.310378519173508	0.0304711650501	0.576058450677501	0.0565275173452725	0.0265643477536183
ENSG00000140471_LINS1	6828	0.399742491849608	0.0534041021949804	0.475658385666378	0.0635385252493407	0.00765649503969195
ENSG00000166140_ZFYVE19	3560	0.179831358906353	0.0226553127701894	0.70129446721765	0.08834181677683	0.00787704432897862
ENSG00000166762_CATSPER2	1994	0.419539416112822	0.0146823672802171	0.53927963281723	0.0188652098719572	0.00763337391777352
ENSG00000166938_DIS3L	5019	2.82896051270622e-07	0.151171413025282	1.56155179412262e-06	0.834433419466874	0.0143933230599987
ENSG00000168803_ADAL	2142	0.664074950876351	0.0241055906715365	0.296951385364219	0.0107750947255093	0.00409297836238434
ENSG00000168970_PLA2G4B	3538	0.128475437152367	0.0200596281103271	0.729058111828841	0.113823561764053	0.00858326114441262
ENSG00000169118_CSNK1G1	3511	0.57232062127553	0.1057923378342	0.262026880292669	0.0484237154803596	0.0114364451172416
ENSG00000171763_SPATA5L1	3678	0.31129998344727	0.0528490959694199	0.525146024870575	0.0891319578751361	0.0215729378375983
ENSG00000172345_STARD5	4338	0.588358280412133	0.0975344157891459	0.26041003187928	0.043158634246555	0.0105386376728859
ENSG00000188659_ILMN_4387	2646	0.720580363032909	0.0455855590658158	0.215226185544138	0.0136107027336124	0.00499718962352564
ENSG00000047578_KIAA0556	4437	0.606117379382447	0.0802867726389347	0.269758813906057	0.0357243465623648	0.00811268751019559
ENSG00000063854_HAGH	5151	0.126195235995282	0.0202005614093928	0.728982397362182	0.11668310409569	0.00793870113745376
ENSG00000070761_C16orf80	5798	0.502466576807798	0.0908900802093704	0.335714501252036	0.0607164495483951	0.0102123921824007
ENSG00000086504_MRPL28	3790	0.541972120927546	0.0406385186386942	0.383281348365056	0.0287340863120504	0.00537392575665363
ENSG00000090857_ILMN_138245	2611	0.662666270942849	0.113799695934101	0.181380036656923	0.0311373817951434	0.0110166146709847
ENSG00000090857_ILMN_8209	2611	0.619241120615451	0.106342293739601	0.223389841051516	0.0383500665324232	0.0126766780610092
ENSG00000103042_ILMN_16502	5476	0.404256708131091	0.0559621139070668	0.466877657710565	0.0646225838976583	0.00828093635361874
ENSG00000103111_MON1B	8341	0.052725855981564	0.00869307973229854	0.800105355340953	0.131909350770795	0.00656635817438908
ENSG00000103126_AXIN1	3542	0.62215899640163	0.0440904706366988	0.306627625087436	0.0217243463726872	0.00539856150154814
ENSG00000103174_NAGPA	6812	0.335859577864011	0.0993730312468067	0.419700005144576	0.124158553283113	0.0209088324614936
ENSG00000103202_DECR2	3860	0.401440106643454	0.030700246704417	0.521820636670695	0.0399002433215523	0.00613876665988225
ENSG00000103248_MTHFSD	7405	0.385325080604992	0.159653684404236	0.308232338485853	0.127692363137349	0.0190965333675694
ENSG00000103275_UBE2I	5953	0.0659493933878922	0.0113646966714086	0.779785203417835	0.134367567237755	0.00853313928510842
ENSG00000103540_ILMN_12815	4757	0.28707580375984	0.0281285470950821	0.614899610100342	0.0602400495409724	0.00965598950376329
ENSG00000118894_FAM86B1	6997	0.187776202330393	0.0560763365024812	0.574301382023956	0.171495501348804	0.010350577794365
ENSG00000125124_BBS2	5529	2.34045286048087e-05	4.3187997930631e-05	0.349491815473735	0.644906056503615	0.00553553549611432
ENSG00000125170_DOK4	5659	0.197322521350011	0.362726888840941	0.144590594484343	0.265763157756	0.0295968375687058
ENSG00000127561_SYNGR3	5010	0.0747674228581711	0.0122489480380961	0.776663673807341	0.127229653791482	0.00909030150490952
ENSG00000127586_CHTF18	4882	0.410692422491921	0.0592565389433443	0.45598831856191	0.0657837543829027	0.0082789656199215
ENSG00000129925_TMEM8	3808	0.20085775854107	0.0151452162830553	0.723045982724794	0.0545131777603246	0.00643786469075591
ENSG00000130731_C16orf13	4638	0.55564340081364	0.0771900212857978	0.315478847296827	0.043818474947122	0.007869255656613
ENSG00000131148_COX4NB	7973	0.370724910932651	0.162129640844168	0.31434674860977	0.137458360374368	0.0153403392390423
ENSG00000132603_NIP7	3336	0.110572110905188	0.0196334231063294	0.731995807312697	0.129966926634945	0.00783173204084118
ENSG00000135698_MPHOSPH6	8640	0.000710694843578311	0.159650424718582	0.00366444518997856	0.82316782601284	0.012806609235021
ENSG00000140829_DHX38	3536	0.00640260614020099	0.0839779087585912	0.0611818648805149	0.802428007077666	0.0460096131430269
ENSG00000141076_CIRH1A	3558	0.569873230524784	0.108098703888834	0.261756800697191	0.0496417657597204	0.0106294991294711
ENSG00000153406_NMRAL1	5419	0.477810274636986	0.121405206728166	0.303208681460489	0.0770207196488081	0.0205551175255515
ENSG00000155393_HEATR3	4027	0.273146501121797	0.0215440207469503	0.631373748089038	0.0497744965272327	0.0241612335149819
ENSG00000159461_AMFR	5676	4.42201256478951e-05	8.16771547014604e-05	0.346875128813714	0.640686309130192	0.0123126647757442
ENSG00000161981_C16orf33	2864	0.273154287891947	0.0147285248219615	0.669078275119234	0.0360698432666507	0.00696906890020692
ENSG00000162076_FLYWCH2	3877	0.449019875362458	0.0352702746532886	0.472845579404597	0.037136042926087	0.00572822765356912
ENSG00000166451_CENPN	7630	0.00862547980217886	0.0030916342287575	0.686998896845574	0.246186195829572	0.0550977932939179
ENSG00000166501_PRKCB1	5034	0.453549799272405	0.0567570401610719	0.428028173183453	0.0535551642747212	0.00810982310834868
ENSG00000167515_TRAPPC2L	6712	0.230773565355924	0.278492098381131	0.210536157732213	0.254043917679647	0.0261542608510846
ENSG00000167526_RPL13	5023	0.275622195427001	0.076017201538124	0.370326380333476	0.101960748435455	0.176073474265944
ENSG00000168748_CA7	3104	0.706210386964951	0.0521800335142419	0.219916753241705	0.0162436229801508	0.00544920329895118
ENSG00000168807_SNTB2	3516	0.375260414646877	0.0697935627894571	0.458256413657594	0.0852182692136223	0.0114713396924488
ENSG00000169682_SPNS1	2467	0.0470425016240509	0.00348654952083562	0.871678280385789	0.0645911325424313	0.0132015359268934
ENSG00000171490_RSL1D1	7223	0.499074376474594	0.0694631645108221	0.372260373789154	0.0518052884547479	0.00739679677068173
ENSG00000174177_ILMN_138331	6703	0.119631791062981	0.145546523175086	0.322912723203906	0.392843264069563	0.0190656984884642
ENSG00000175643_C16orf75	6335	0.228255863491978	0.0279073301613388	0.654226220452122	0.0799782674666915	0.00963231842786987
ENSG00000178952_TUFM	2723	0.468500982615785	0.039524561389193	0.445536061925008	0.0375782914382986	0.00886010263171469
ENSG00000180185_FAHD1	5127	2.56119512400377e-05	4.09607542568913e-06	0.85519167868362	0.136761320837236	0.00801729245247887
ENSG00000182108_ILMN_32084	6999	0.290385695824531	0.0463744890795733	0.564937951418533	0.0902122939939962	0.00808956968336591
ENSG00000186153_WWOX	10211	0.202454527782646	0.0381996987249424	0.632314606196767	0.119299194479473	0.0077319728161712
ENSG00000187741_FANCA	4382	7.8245390334644e-08	2.06652608900186e-08	0.78276104707311	0.206723212481331	0.0105156415349072
ENSG00000197912_SPG7	5266	0.00229484075610995	0.00065224554310886	0.754537565905854	0.214428521179837	0.0280868266150897
ENSG00000002919_SNX11	4422	0.00575946396053533	0.0887105369366944	0.0546545985791696	0.841812123423575	0.00906327710002593
ENSG00000005156_LIG3	4870	0.304925472017427	0.0385152557073879	0.57623114277724	0.0727764294603074	0.00755170003763758
ENSG00000006282_SPATA20	3978	0.00944598972331354	0.00147538784282206	0.849780177994091	0.132722272832883	0.00657617160688931
ENSG00000007312_CD79B	2591	0.079558376493664	0.217059323279904	0.183582154804635	0.500848713852353	0.0189514315694437
ENSG00000011052_NME1	4219	0.563084410161491	0.088697650667783	0.288700083247915	0.045462286288844	0.0140555696339676
ENSG00000011295_TTC19	4295	0.104677872687039	0.0123765409346255	0.769186406452341	0.0909215692772995	0.0228376106486953
ENSG00000012048_BRCA1	3195	1.81105107941683e-06	3.83245279877804e-05	0.0449339232317702	0.950864324683324	0.00416161650583866
ENSG00000035862_TIMP2	5947	0.483030662518573	0.116205962687965	0.307168775148668	0.0738779590011415	0.0197166406436527
ENSG00000055483_USP36	6029	3.51095306075199e-05	8.51844267291374e-06	0.774890507893496	0.187970555464707	0.0370953086685162
ENSG00000068097_HEATR6	2139	0.0008340381268815	0.659633588654932	0.000356888051303922	0.282202720698106	0.0569727644687759
ENSG00000073584_SMARCE1	4232	0.0521800328469474	0.0103510073637307	0.770139332363008	0.152758769161864	0.0145708582644493
ENSG00000091640_SPAG7	5985	0.548951146889356	0.0724764025978452	0.328238051184033	0.0433292977376504	0.00700510159111502
ENSG00000108262_GIT1	2348	0.371782236560653	0.246482820741698	0.149281004925562	0.0988361541926161	0.133617783579471
ENSG00000108278_ZNHIT3	3536	0.25303183954418	0.0163194832448228	0.668310998835127	0.0430839785553295	0.0192536998205401
ENSG00000108352_RAPGEFL1	3731	0.129458311507392	0.0571715837787198	0.556015224744784	0.245536502418563	0.0118183775505406
ENSG00000108384_RAD51C	3174	0.0729449302878518	0.00784452523940652	0.816733709540924	0.0878171906719351	0.0146596442598825
ENSG00000108395_TRIM37	2765	0.591502845451877	0.0577191212496369	0.310266432405381	0.0302656960782155	0.0102459048148898
ENSG00000108433_GOSR2	3875	0.0888307751990237	0.0312285064735319	0.340688310234587	0.119349254300711	0.419903153792146
ENSG00000108559_NUP88	6299	0.327788919826124	0.0479209886160283	0.535011689774254	0.0782047767115223	0.0110736250720721
ENSG00000108592_FTSJ3	2648	0.00827974581020109	0.0226223731626875	0.258325575417945	0.705806262771784	0.00496604283738261
ENSG00000108639_SYNGR2	6305	0.392969107400619	0.109332131537695	0.380415388478441	0.105827971945713	0.0114554006375317
ENSG00000108651_UTP6	3503	0.323395854841107	0.0965754759685846	0.415513213344964	0.12404394623824	0.0404715096071051
ENSG00000108666_C17orf75	4198	0.0902882537038706	0.0277294542546808	0.669027504458382	0.205465169548111	0.00748961803495579
ENSG00000108771_DHX58	3512	0.00923719792895481	0.193619522093852	0.0164853741454563	0.34511191202659	0.435545993805147
ENSG00000108826_MRPL27	3875	0.00712814286351823	0.0172677776093152	0.284015228781932	0.688017404306642	0.00357144643859191
ENSG00000108960_MMD	4989	0.507334531076474	0.0919758117211441	0.331028267771537	0.0600031967697818	0.00965819266106287
ENSG00000125319_C17orf53	3894	0.281935521527163	0.0820953448089012	0.468822752269323	0.136483406956619	0.0306629744379946
ENSG00000125445_MRPS7	4614	0.230064385930625	0.359290085191144	0.145343305563371	0.226943355083674	0.0383588682311854
ENSG00000126581_BECN1	3078	0.0293375270985837	0.620508480658056	0.0117320206388306	0.24804977530786	0.0903721962966707
ENSG00000132141_CCT6B	4854	0.425818147828429	0.0535914649752086	0.454009117136612	0.0571299962192607	0.00945127384048959
ENSG00000132507_EIF5A	5015	1.81156595447863e-05	2.22805239640345e-06	0.884307070032618	0.108754370970553	0.00691821528488748
ENSG00000141560_ILMN_14939	3647	0.198234463383747	0.0218486617601336	0.691153816986606	0.0761637916286824	0.0125992662408306
ENSG00000141696_ILMN_21605	4325	0.026869355435666	0.562812275233403	0.0166803470481711	0.349346451960599	0.0442915703221602
ENSG00000141698_NT5C3L	4277	1.64485591152872e-05	0.000344559495829748	0.0455192564021407	0.953523169652021	0.000596565890892565
ENSG00000141720_PIP4K2B	3570	0.417416108059205	0.165794899311934	0.286205871455185	0.113662145846086	0.0169209753275896
ENSG00000159199_ATP5G1	4058	2.17642777183615e-07	5.98504900533703e-06	0.0128652406644359	0.35315261343275	0.633975943211032
ENSG00000161326_DUSP14	3713	0.397255287748373	0.0411590973061036	0.501673562212781	0.0519697949803093	0.00794225775243348
ENSG00000161664_ASB16	3879	0.520441203040336	0.14994367877951	0.23422568006094	0.0674545394477111	0.0279348986715032
ENSG00000166260_COX11	4793	0.0738477865321728	0.0126403035245883	0.755090531412498	0.129217371331093	0.0292040071996475
ENSG00000166750_SLFN5	4680	6.59774116922234e-05	8.01247092136606e-06	0.883658056319004	0.107304802258288	0.0089631515400945
ENSG00000167083_GNGT2	4139	0.00404174765181709	0.1111601850395	0.00534106883263503	0.146162120395432	0.733294878080616
ENSG00000167720_SRR	5424	0.000448621138766818	0.179340613637102	0.00188888285590926	0.755035796847896	0.0632860855203262
ENSG00000167895_TMC8	6204	0.468136565403744	0.131856696160112	0.301955692079329	0.0850366973948364	0.0130143489619793
ENSG00000168646_AXIN2	4838	0.454047539260929	0.0622365480326044	0.418498175645318	0.0573559152234099	0.00786182183773852
ENSG00000170291_C17orf81	5073	0.000209072295015388	2.65655717770096e-05	0.880780995371589	0.111908522344813	0.00707484441680616
ENSG00000172057_ORMDL3	3371	0.0280185692942948	0.0122209616851335	0.658940854892014	0.287399218551844	0.0134203955767143
ENSG00000172301_C17orf79	3508	0.150075433632832	0.0448986648169107	0.59957819946672	0.179352100801235	0.0260956012823021
ENSG00000176974_SHMT1	2910	0.00751248059056205	0.0897391343924885	0.0690777509165681	0.825148694549039	0.00852193955134276
ENSG00000177370_TIMM22	5895	0.000184993887987522	2.66917645511459e-05	0.865978951213978	0.124938534317947	0.00887082881553685
ENSG00000177602_GSG2	5925	0.286024788210421	0.0344263036101236	0.600477169577266	0.0722673837676531	0.0068043548345364
ENSG00000181031_RPH3AL	3268	0.534984274750491	0.0422132062957668	0.384360526223291	0.0303200408581101	0.00812195187234026
ENSG00000182534_MXRA7	5757	0.340941841055075	0.175785957309973	0.303933099191371	0.156681989739107	0.022657112704474
ENSG00000185262_FAM100B	5617	0.306635307922685	0.160063731086163	0.338690287846772	0.176778609032848	0.0178320641115311
ENSG00000185504_C17orf70	5960	0.39299544524551	0.0570966364037239	0.473578224276573	0.0687966325015895	0.00753306157260352
ENSG00000187607_ZNF286A	4695	0.435582029094084	0.0419422224635066	0.466954823946604	0.0449525425781667	0.0105683819176386
ENSG00000187624_ILMN_7731	4073	6.82268401012983e-09	6.74394884133323e-10	0.901009066793017	0.0890511840478577	0.00993974166204535
ENSG00000205309_NT5M	4027	0.0486450045493122	0.582645745879681	0.0239156796464472	0.286391751386777	0.058401818537782
ENSG00000213246_SUPT4H1	3553	0.573234116647621	0.0676951520948806	0.312737029347387	0.0369227606663765	0.00941094124373503
ENSG00000214087_ARL16	5990	0.0249501648424025	0.00349731742847431	0.837649233701912	0.117398561770416	0.0165047222567948
ENSG00000066926_FECH	5468	0.55443696232663	0.0578050394768307	0.345561368707142	0.0360217054610751	0.00617492402832223
ENSG00000082212_ME2	4664	0.463601897678475	0.0522380575906181	0.428423956301102	0.0482667837009798	0.00746930472882489
ENSG00000091164_TXNL1	4410	0.532213835652302	0.0919069480349719	0.312304386303348	0.0539215696434811	0.00965326036589666
ENSG00000101557_USP14	3637	0.497221786069831	0.03858745909964	0.425387760345639	0.0330069021918475	0.00579609229304232
ENSG00000101752_MIB1	2487	0.0424162016416079	0.391551087323603	0.0522414606829161	0.482218131996768	0.0315731183551054
ENSG00000132199_ENOSF1	5025	0.155431115895317	0.0157443771645531	0.742027577365137	0.0751519538779884	0.011644975697004
ENSG00000141428_C18orf21	4113	0.20306150379002	0.239673979492	0.241169480956315	0.284621442661236	0.0314735931004294
ENSG00000154889_MPPE1	5985	0.460992270488336	0.0639195243660475	0.410290390378728	0.056881468321951	0.0079163464449378
ENSG00000158270_COLEC12	3927	0.640989860449095	0.0519520523563809	0.279068138001828	0.0226130191024319	0.00537693009026419
ENSG00000166401_SERPINB8	5563	0.232715023909731	0.0266483527640757	0.657395921028268	0.0752708760123098	0.00796982628561514
ENSG00000167220_HDHD2	4369	0.489493704742599	0.125231377937218	0.29367916450274	0.0751179848119961	0.0164777680054464
ENSG00000168461_RAB31	6610	0.507678354923708	0.065202669044841	0.372517265215514	0.0478367558920236	0.00676495492391297
ENSG00000172466_ZNF24	3992	0.292351923680681	0.387132890322326	0.12116035765406	0.160401788586198	0.0389530397567347
ENSG00000176014_TUBB6	5771	0.338432202619096	0.0474890004285478	0.523558604766288	0.0734489719449824	0.0170712202410855
ENSG00000177150_C18orf19	5338	0.321247776259578	0.0374740661312193	0.566205453678799	0.0660397374314371	0.00903296649896696
ENSG00000197563_PIGN	5101	0.076576776283125	0.00984435544968014	0.803450433785426	0.103281016609467	0.00684741787230083
ENSG00000198795_ZNF521	4605	0.6092231124691	0.0666173938581079	0.28616377924899	0.0312847564863834	0.00671095793741826
ENSG00000215429_ILMN_33941	5565	1.10674139496286e-05	1.28078248339271e-06	0.887809822122272	0.102732828300537	0.00944500138075808
ENSG00000064666_CNN2	4422	0.546815002987377	0.100849076707895	0.28941999125979	0.0533681736675856	0.00954775537735204
ENSG00000065000_AP3D1	5213	0.482383107833445	0.127152862676654	0.298325077113843	0.0786229182590092	0.0135160341170483
ENSG00000065268_WDR18	4296	0.00104319227876645	0.000185801256796254	0.842753935434257	0.15009559246173	0.00592147856844917
ENSG00000073050_XRCC1	5163	0.000628820942523252	0.000224594763389545	0.732018847382255	0.261448080399238	0.00567965651259489
ENSG00000076924_XAB2	6508	0.362235314067097	0.111100960977252	0.393287877948552	0.120612309402397	0.0127635376047013
ENSG00000083828_ZNF586	4688	0.357026160291062	0.0292782244414515	0.560457923907947	0.0459535296699618	0.00728416168957726
ENSG00000095932_ILMN_32047	5799	0.536609442320737	0.0831828525388846	0.321970984082318	0.049902201483836	0.00833451957422477
ENSG00000104946_TBC1D17	4766	0.591077585544188	0.0626311478761101	0.307075687411152	0.0325313501301892	0.00668422903836017
ENSG00000104953_TLE6	6079	0.490679717443299	0.0962434520620681	0.336673709559218	0.0660258554840011	0.0103772654514133
ENSG00000105053_VRK3	4832	0.323018146265018	0.0316579327937607	0.580968570122988	0.05693137082428	0.00742397999395292
ENSG00000105132_ZNF550	5393	0.322553819138517	0.0339991218882907	0.575809130924893	0.0606868111798944	0.00695111686840471
ENSG00000105198_LGALS13	5082	0.59630543532798	0.0713639495410595	0.290802761376397	0.0347956230049552	0.00673223074960873
ENSG00000105404_RABAC1	3202	0.00301421712923996	0.422472252404087	0.00375189703928378	0.525820424493546	0.0449412089338433
ENSG00000105697_HAMP	5003	0.52839933159378	0.0874571715880324	0.321292056009876	0.053168458609262	0.00968298219904934
ENSG00000105698_USF2	5023	0.402589886236028	0.0671068375323877	0.446611134688557	0.0744353874865326	0.00925675405649517
ENSG00000118046_STK11	4847	0.532684367397484	0.126713865897956	0.265811583321685	0.0632191437788285	0.0115710396040462
ENSG00000121289_CCDC123	5871	0.00490643591197527	0.00723469394998698	0.396403013024801	0.58450174661205	0.00695411050118642
ENSG00000121406_ZNF549	5434	0.564992333118162	0.0597870852762101	0.333501108538131	0.0352844141209658	0.00643505894653103
ENSG00000125656_CLPP	6010	0.518098725505371	0.0869661251657754	0.330548499323988	0.0554757308110649	0.00891091919380116
ENSG00000125753_VASP	5272	1.97432744188649e-16	0.0005242358765274	3.763925232701e-13	0.999421116170205	5.46479528942901e-05
ENSG00000125910_EDG6	6015	0.465776157158392	0.0765397251770109	0.385330643825397	0.0633112912595789	0.00904218257962087
ENSG00000126246_TMEM149	4745	0.0155355310424158	0.00186614602297455	0.866625716580999	0.104088202679904	0.0118844036737063
ENSG00000129933_KIAA0892	4282	0.14070320494197	0.0303368103067179	0.674273575599578	0.145369813654117	0.00931659549761712
ENSG00000130312_MRPL34	5640	0.0509140258502987	0.370243354109403	0.0656813678218166	0.477594900277131	0.0355663519413513
ENSG00000141934_PPAP2C	2976	0.716906643797572	0.0392092048388704	0.227447419065428	0.0124355996457258	0.00400113265240409
ENSG00000141994_DUS3L	5896	0.0557438884409457	0.0139135614880972	0.736426069484756	0.183800337087956	0.0101161434982454
ENSG00000142046_BCKDHA	3799	0.00443958371362524	0.622295807528966	0.0021529677613	0.301711780093013	0.0693998609030961
ENSG00000160113_NR2F6	5606	0.0725403523868761	0.527380494972635	0.0423530008901334	0.307863537832369	0.0498626139179864
ENSG00000161558_TMEM143	5678	0.462701748371199	0.0552305473871261	0.423819025204698	0.0505816312151163	0.00766704782186074
ENSG00000167766_ZNF83	8356	0.248871320411227	0.0426515484364444	0.597148278067716	0.102330228988229	0.00899862409638389
ENSG00000167807_ILMN_19980	4925	9.1061552461908e-16	0.594746963059563	4.79958359904888e-16	0.313381564056221	0.0918714728842146
ENSG00000170866_LILRA3	7849	0.472322257149105	0.0867168155711609	0.365436481871485	0.0670844982359622	0.00843994717228603
ENSG00000170949_ZNF160	8050	0.277673232742932	0.0467576786076796	0.571067224919688	0.0961542442962754	0.00834761943342523
ENSG00000175691_ZNF77	6183	0.465556587232692	0.133908633279726	0.298066692488069	0.0857165503043033	0.0167515366952092
ENSG00000176232_ZNF283	5291	1.63401224206848e-05	0.577588936334483	1.03605231575736e-05	0.366166469819131	0.0562178932008063
ENSG00000178229_ZNF543	5447	0.265354527417261	0.0279746790965912	0.633621337860239	0.0667925038152156	0.00625695181069399
ENSG00000182013_ILMN_30225	4602	0.0353418266010981	0.412539243500919	0.0386809491499063	0.451454280025841	0.061983700722236
ENSG00000183617_MRPL54	5657	0.00166886944135708	0.000244910509041013	0.864720119280659	0.126893235010023	0.00647286575891966
ENSG00000186111_PIP5K1C	5633	0.446281625741109	0.0608728748304958	0.425950469861629	0.0580908982546412	0.0088041313121248
ENSG00000188000_OR7D2	5364	0.453515652712558	0.113690258720276	0.336214394251087	0.0842721073814583	0.0123075869346212
ENSG00000188321_ZNF559	5186	0.499146463517683	0.130215778002671	0.283492517284299	0.0739434449882952	0.0132017962070522
ENSG00000189052_ILMN_17361	5153	0.571867905968628	0.0685004095483404	0.314854356724071	0.0377073255051262	0.00707000225383505
ENSG00000189144_ZNF573	4129	0.256383831263889	0.131379072404458	0.29358365955085	0.150273044383712	0.168380392397091
ENSG00000196365_LONP1	5919	0.429776854670761	0.109866104689633	0.357676692287959	0.0914235063214124	0.0112568420302354
ENSG00000196931_ILMN_36955	8194	0.463762891279151	0.077250566954361	0.386833457733937	0.0644284441195988	0.00772463991295238
ENSG00000197256_ANKRD25	4517	9.47681813509996e-16	0.618955931777709	4.99773455135386e-16	0.326360512125849	0.0546835560964429
ENSG00000198046_ZNF667	6358	0.531981894951084	0.0791650784525768	0.33145316045752	0.0493159921895546	0.00808387394926525
ENSG00000007341_ST7L	4248	1.48978959809386e-05	2.47547873896948e-06	0.851473355119874	0.141476314093415	0.00703295741199115
ENSG00000043514_TRIT1	4384	0.276030418510989	0.0512705499923883	0.555489951666713	0.103163986845781	0.0140450929841294
ENSG00000049239_H6PD	3671	0.498333884774992	0.0671819245700533	0.3753754535092	0.0505970083322823	0.0085117288134727
ENSG00000049247_UTS2	4283	0.604594533602977	0.0734455044025414	0.280202703200279	0.0340310017295403	0.00772625706466206
ENSG00000058799_YIPF1	5223	0.583102987750774	0.0708093307038532	0.302436267649657	0.0367195300666572	0.00693188382905892
ENSG00000064886_CHI3L2	5536	0.00565032156224937	0.000852506192688166	0.850364592748126	0.128286007348089	0.0148465721488476
ENSG00000065135_GNAI3	4292	1.49861253308925e-22	0.0258137925158187	5.64316421747786e-21	0.972040106490997	0.00214610099318677
ENSG00000066185_ZMYND12	4144	0.336866793611913	0.061028482030139	0.495970313754771	0.0898361774469962	0.0162982331561811
ENSG00000067533_RRP15	5532	0.487773678790571	0.0812004568133715	0.361402883145058	0.0601538411841216	0.00946914006687782
ENSG00000069275_NUCKS1	3571	0.227390977776818	0.0314018124053555	0.641078152679402	0.0885187970781272	0.0116102600602978
ENSG00000081692_JMJD4	4892	0.00984518300291177	0.00224956496566017	0.798496651413881	0.182444707313455	0.0069638933040923
ENSG00000084072_PPIE	4374	0.0155197610672343	0.00288875024136851	0.816405051377123	0.151947237446852	0.013239199867422
ENSG00000090686_USP48	5154	0.00488952864325873	0.00337888132492701	0.551138819565454	0.380801596649225	0.0597911738171359
ENSG00000097046_CDC7	4444	0.40950884086385	0.0812689818596219	0.415889821495143	0.082524510042373	0.0108078457390119
ENSG00000116171_SCP2	4069	0.115883837388039	0.010966069404874	0.790921818817857	0.0748374171373532	0.00739085725187692
ENSG00000116199_FAM20B	4992	0.399688758373788	0.0376938336015798	0.508542980483683	0.0479535329210038	0.00612089461994525
ENSG00000116455_WDR77	5470	0.00464841966822281	0.000728021333771045	0.852563316168864	0.133517327565967	0.00854291526317534
ENSG00000116698_SMG7	4822	0.00935137687258738	0.00200274128706836	0.808002025597579	0.17303846458792	0.00760539165484587
ENSG00000116791_CRYZ	4027	0.106242252756163	0.0105714172384512	0.794379762096762	0.07903335410184	0.00977321380678424
ENSG00000116885_C1orf102	3210	0.0600408178271702	0.0490228748018122	0.485047277080771	0.396027581040917	0.00986144924932994
ENSG00000117174_C1orf181	5386	0.250559857505488	0.0753553283636029	0.509464841457872	0.153209024280055	0.0114109483929825
ENSG00000117289_TXNIP	365	0.961688346790068	0.00656487171976307	0.0309458501707848	0.000210658555724597	0.000590272763659971
ENSG00000117481_NSUN4	3734	0.0418464332030586	0.00591876139316136	0.811533445039799	0.114757382965977	0.025943977398003
ENSG00000121310_ECHDC2	4062	0.261885685440847	0.0245396423684037	0.645941223051382	0.0605199312421363	0.007113517897231
ENSG00000123473_STIL	4221	0.100794671888909	0.0143394769552899	0.765518384355458	0.108895435806156	0.0104520309941879
ENSG00000131697_NPHP4	5601	0.449267451289984	0.0524341102660215	0.439844417716955	0.0513272189921665	0.00712680173487296
ENSG00000134184_GSTM1	4421	3.61372532509517e-21	0.622468808257394	1.73069366653312e-21	0.298034700673906	0.0794964910686979
ENSG00000134262_AP4B1	3643	0.524070198021779	0.161526135238306	0.223856924916862	0.068974421087479	0.0215723207355738
ENSG00000134697_GNL2	4349	0.0304194562237535	0.134965293059066	0.150804851730133	0.66907747104752	0.0147329279395279
ENSG00000135778_C1orf57	6162	0.0549838865934522	0.00662487868142781	0.827978553371102	0.099750518917128	0.01066216243689
ENSG00000142632_ARHGEF19	4502	0.149574514577762	0.0295984019878138	0.674861941441375	0.133531941557831	0.0124332004352183
ENSG00000142684_ZNF593	2999	0.513159961167471	0.0415454108319435	0.404227152567043	0.0327178652032123	0.00834961023033078
ENSG00000142794_NBPF3	5396	0.288034476608982	0.198840148231429	0.291049808370853	0.200900560893636	0.0211750058950984
ENSG00000143155_TIPRL	5056	0.0039179916507526	0.000786860186187973	0.820629116765476	0.164799157025748	0.00986687437183555
ENSG00000143156_NME7	5959	0.0346976972795697	0.0140874849131553	0.558012975193302	0.226389991213718	0.166811851400255
ENSG00000143194_MAEL	5246	0.43885914063789	0.136113492782941	0.313493226702751	0.0972165569712476	0.0143175829051703
ENSG00000143198_MGST3	5306	0.328744537854296	0.111624936796243	0.391065813838618	0.132750260224895	0.0358144512859479
ENSG00000143226_FCGR2A	4992	0.111415889395918	0.0131123619991127	0.771740588255383	0.0908120252914373	0.012919135058149
ENSG00000143387_CTSK	2925	0.00106586596333365	0.233094319551302	0.00219500453020991	0.47974182725177	0.283902982703384
ENSG00000143437_ARNT	2937	0.000153938905562644	0.0380057238953128	0.0029927788496709	0.738662075792435	0.220185482557019
ENSG00000143537_ADAM15	2707	0.000135388764414421	0.592333939685266	8.04441393653928e-05	0.351892361897156	0.0555578655137978
ENSG00000143569_UBAP2L	3482	9.45744295619241e-05	0.413769677541253	0.000126789615016537	0.554682017500901	0.0313269409132684
ENSG00000143653_SCCPDH	7178	0.502606164533072	0.0634000700116201	0.379295077705265	0.0478384233363496	0.00686026441369366
ENSG00000143756_FBXO28	4259	0.00225586422322701	0.000507697971061491	0.809427425568847	0.182161637984338	0.00564737425252621
ENSG00000153898_MCOLN2	4698	0.0146713596974763	0.00124697646046449	0.900949152403065	0.076568641720484	0.00656386971850991
ENSG00000159479_MED8	4113	0.118135757370182	0.0236637445520315	0.650148480556286	0.130153183670374	0.0778988338511263
ENSG00000160714_UBE2Q1	2904	0.000160277596558029	0.701224938553679	5.03461371053673e-05	0.220189258328235	0.0783751793844215
ENSG00000162384_C1orf123	4256	0.0840343351190455	0.00777787752990316	0.824059361999446	0.0762637305516198	0.00786469479998541
ENSG00000162437_RAVER2	4637	0.633906234974544	0.0537418258218368	0.283128285594712	0.0239980578082145	0.00522559580069308
ENSG00000162551_ALPL	5366	0.367030331292653	0.25275822622744	0.208974455900119	0.143884494286501	0.0273524922932864
ENSG00000162585_C1orf86	4062	0.211479000434533	0.203266185053755	0.275442377064094	0.264700423348351	0.0451120140992683
ENSG00000162600_OMA1	4860	0.247057876597661	0.078513796622283	0.502122892527726	0.159559477387046	0.0127459568652847
ENSG00000162604_TM2D1	4510	0.606563496808948	0.0497451232510656	0.312676302416305	0.0256376447457983	0.00537743277788281
ENSG00000162606_L1TD1	4863	0.595577391266401	0.0744228976297892	0.287123960820962	0.03587178770512	0.00700396257772709
ENSG00000162769_FLVCR1	4949	0.0593493877741565	0.00598613118733713	0.838842089171278	0.0845965347207274	0.0112258571465014
ENSG00000162836_ACP6	2937	0.682877861147579	0.0499920034716528	0.243358264718566	0.0178097673365202	0.00596210332568254
ENSG00000162885_B3GALNT2	4784	0.394446684887055	0.0360501182483624	0.514363330375582	0.0470016595505729	0.00813820693842751
ENSG00000168653_NDUFS5	4424	0.00360653011382377	0.000694659255986456	0.826649399347409	0.159212362291941	0.00983704899084079
ENSG00000171488_LRRC8C	4034	0.297327064122461	0.0420678020160888	0.568116629737636	0.0803687832836939	0.0121197208401197
ENSG00000171806_C1orf156	5740	0.000344246179197481	0.000137310076636653	0.705691156179331	0.281467908499828	0.0123593790650075
ENSG00000175279_CORT	3419	0.674468421849269	0.0523680633055932	0.248325957835946	0.0192753248473539	0.0055622321618369
ENSG00000177000_MTHFR	4441	0.420338274443341	0.0797147495777842	0.409701219759465	0.0776849321727293	0.012560824046681
ENSG00000177868_CCDC23	4054	0.217516977004745	0.0414234826881147	0.607340798849152	0.115642648018062	0.0180760934399271
ENSG00000178028_DMAP1	3560	0.0961827910424669	0.0244230291912992	0.69528130252374	0.176540387531583	0.00757248971091109
ENSG00000184022_OR2T10	3568	0.51837289554709	0.0910159340939706	0.319497304782247	0.0560823182274147	0.0150315473492783
ENSG00000185523_ILMN_7435	4987	0.502661331729177	0.051225883847112	0.397452404336876	0.0404959472107975	0.0081644328760371
ENSG00000197622_CDC42SE1	3232	0.00207510364863819	0.512597840690721	0.00166815314584001	0.412000143562917	0.071658758951885
ENSG00000197747_S100A10	3378	0.00183377582058869	0.421416851667729	0.00234029091164512	0.537781581737665	0.036627499862372
ENSG00000197780_TAF13	4065	2.73997916325795e-21	0.471964914588064	2.85229292239742e-21	0.491274342476829	0.0367607429351083
ENSG00000198216_CACNA1E	4777	0.398848521250762	0.0495622937001833	0.483628229772385	0.0600894413468807	0.00787151392978841
ENSG00000203666_EFCAB2	5784	0.0460929313006734	0.0051687206623379	0.840686944487043	0.094258275449678	0.0137931281002672
ENSG00000203965_ILMN_14353	4721	0.336835074976691	0.0559312161910832	0.512868961860158	0.0851523010499094	0.00921244592215866
ENSG00000204138_PHACTR4	3346	0.139045148167301	0.0162460991026612	0.74931604263767	0.0875425811400207	0.00785012895234692
ENSG00000088766_CRLS1	5900	0.00970296602588501	0.00114254627906173	0.87592900098099	0.103132535614562	0.0100929510995015
ENSG00000088832_FKBP1A	6131	0.382325964061974	0.0704547459474306	0.454262035935619	0.0837018166419573	0.00925543741301854
ENSG00000088833_NSFL1C	6152	0.0852349834323628	0.0157093278348054	0.737036637543698	0.135814147251753	0.0262049039373802
ENSG00000100991_TRPC4AP	3059	5.83680484268519e-07	5.72797620904291e-06	0.0924145667420093	0.90691408358619	0.000665038015106444
ENSG00000100994_PYGB	4404	0.000280556259984705	0.000127216603472071	0.414760188294176	0.187673435198463	0.397158603643904
ENSG00000100997_ABHD12	4280	9.5264980307139e-07	4.29560953353819e-07	0.413793426688099	0.186184281408546	0.400020909692598
ENSG00000101052_IFT52	4621	0.604340553363063	0.0555337344441498	0.30557209406395	0.0280729845468649	0.00648063358197254
ENSG00000101158_TH1L	4658	0.0842648499351705	0.463589689918227	0.0629908876498952	0.346506667684729	0.0426479048119784
ENSG00000101161_PRPF6	4214	0.422746459019635	0.0848403677521462	0.401781165501068	0.0806228645562237	0.0100091431709279
ENSG00000101182_PSMA7	6489	0.272055475943485	0.138805703820376	0.377585763182089	0.19262949650629	0.0189235605477604
ENSG00000101190_TCFL5	6390	0.179418767154439	0.105543777579521	0.440113809634095	0.258882594640295	0.01604105099165
ENSG00000101220_C20orf27	5871	0.406649251410661	0.201285600325387	0.25057939829456	0.1240157710511	0.0174699789182922
ENSG00000101311_C20orf42	5927	0.567461367962628	0.0660957861668317	0.322546548036273	0.0375626867160227	0.00633361111824518
ENSG00000101343_CRNKL1	4287	0.00621595553865255	0.00129600278961607	0.813132238347577	0.169525109295851	0.00983069402830373
ENSG00000124193_SFRS6	4787	0.398917093690118	0.0375998478905228	0.50628193783612	0.0477100078846161	0.00949111269862319
ENSG00000125821_DTD1	5484	0.291544782501774	0.188967126148221	0.303665683167256	0.196804368630396	0.0190180395523528
ENSG00000125870_SNRPB2	6087	0.378703558315823	0.227212828456435	0.233753932033011	0.140226511613322	0.0201031695814099
ENSG00000125878_TCF15	4767	0.607906899457237	0.0685065214413197	0.284927353213761	0.0321026065594161	0.00655661932826567
ENSG00000125977_EIF2S2	2585	0.00467333218413337	0.0290549322019463	0.132786476579608	0.825549058753907	0.00793620028040462
ENSG00000166948_TGM6	5654	0.408420008690987	0.202075837830188	0.248177783090473	0.122773505265384	0.018552865122967
ENSG00000214078_CPNE1	2864	0.00957377008159839	0.0946986639020852	0.0803388622574357	0.79464874242116	0.0207399613377207
ENSG00000154719_MRPL39	4793	0.425294017951722	0.0358429068660147	0.491608247868321	0.0414259051232883	0.00582892219065338
ENSG00000156261_CCT8	5161	0.048416027514234	0.407140910990595	0.0538847095676233	0.453090780825069	0.0374675711024785
ENSG00000160188_RSPH1	7260	0.430766303260954	0.0795881890337982	0.405521990040626	0.0749148523775368	0.00920866528708588
ENSG00000160193_WDR4	6620	0.224484448858974	0.29472831210207	0.197130272087203	0.258789819802426	0.0248671471493277
ENSG00000160194_NDUFV3	6517	0.154438061041867	0.20215411090815	0.265953487460857	0.348094609437278	0.0293597311518479
ENSG00000160213_CSTB	5860	0.18347726045561	0.234977543965247	0.24622583214	0.315319029436689	0.0200003340024536
ENSG00000182362_C21orf57	4463	0.226005764929579	0.0245814047401507	0.667309923310466	0.0725700994736241	0.00953280754618015
ENSG00000182852_C21orf121	7466	0.46622428282974	0.0784118352092085	0.38275856615028	0.0643659314153889	0.00823938439538277
ENSG00000185808_PIGP	5364	0.00356281908247515	0.000396579825547312	0.887361795281736	0.0987629316445759	0.00991587416566571
ENSG00000025708_ECGF1	3734	0.500449565337172	0.060576776876852	0.384074564602979	0.0464817803324476	0.00841731285054976
ENSG00000099940_SNAP29	2843	0.138216310158388	0.0205757788375215	0.722343722206488	0.107521441594681	0.0113427472029223
ENSG00000100033_PRODH	5504	0.463902645890418	0.15426119710321	0.274709065822516	0.0913330044689546	0.0157940867149013
ENSG00000100092_SH3BP1	4584	0.0895777710354049	0.00962501876292367	0.806246835736483	0.0866222797326573	0.00792809473253165
ENSG00000100101_NOL12	4655	0.239688734565595	0.0261466022358971	0.646702984216778	0.0705290850306541	0.0169325939510763
ENSG00000100162_CENPM	4081	0.471289351056313	0.119431505412715	0.316943267702254	0.0803059562756886	0.0120299195530302
ENSG00000100266_PACSIN2	5602	0.000209574569132439	6.20813045076667e-05	0.766184759262127	0.226956777811995	0.00658680705223748
ENSG00000100296_THOC5	4032	0.0627610972935267	0.203882888637254	0.167185912834863	0.543089585102347	0.0230805161320091
ENSG00000100299_ARSA	3446	0.603741955880712	0.068484092107809	0.286694112275648	0.032511924988899	0.00856791474693183
ENSG00000100304_TTLL12	5993	0.42548638265998	0.131824394188969	0.328140039421398	0.101651606079187	0.0128975776504664
ENSG00000100321_SYNGR1	3728	0.00586269551768306	0.000589358575352445	0.886210179439207	0.0890696893721321	0.0182680770956258
ENSG00000100330_MTMR3	4376	0.0735372804286641	0.239257229259556	0.154838733829698	0.503746964812505	0.0286197916695776
ENSG00000100347_SAMM50	7114	0.281639128516794	0.0448064363997938	0.574102141679395	0.0913267370161946	0.00812555638782267
ENSG00000100417_PMM1	3452	0.0344088925531126	0.00303842252409667	0.870914084761688	0.0768899342618739	0.0147486658992283
ENSG00000128408_RIBC2	6476	0.110772284669406	0.0185341249028735	0.739176943092837	0.123669278452742	0.00784736888214099
ENSG00000179750_APOBEC3B	3961	0.650559901226988	0.0611303907859542	0.258331909349258	0.0242686590488246	0.0057091395889748
ENSG00000184674_GSTT1	5052	2.7100818185009e-05	0.000794519898107913	0.0317891291437605	0.931932555334107	0.0354566948058393
ENSG00000184983_NDUFA6	4294	0.5322765252395	0.13746813986785	0.252561777592361	0.0652152672915144	0.0124782900087752
ENSG00000185838_GNB1L	4337	0.24864350470401	0.176479996388668	0.32230534270788	0.228739214915084	0.0238319412843593
ENSG00000188130_MAPK12	4985	0.497497450825595	0.0787148669525301	0.358370951478391	0.0566933194201731	0.00872341132331089
ENSG00000189306_ILMN_12816	5139	0.364575898510518	0.102620783215061	0.404872564949675	0.113949503135841	0.0139812501889045
ENSG00000035141_FAM136A	4689	0.419062676683918	0.0729062265589396	0.422889635466487	0.0735604388403491	0.0115810224503061
ENSG00000068878_PSME4	5898	0.278021245919436	0.0424095962389951	0.582740248742735	0.0888837457563954	0.00794516334243767
ENSG00000079785_DDX1	5060	0.0820419797166203	0.00854653292306389	0.816713973022813	0.0850716577403557	0.0076258565971465
ENSG00000087338_GMCL1L	4346	0.196405274493528	0.0387671973178427	0.627755483233749	0.123895515580023	0.0131765293748564
ENSG00000115053_NCL	4675	0.596416079765045	0.0490089850354029	0.322783785919555	0.0265186698999638	0.00527247938003375
ENSG00000115350_POLE4	4287	0.434732614280744	0.0369536579252421	0.481100578773619	0.0408887583144423	0.0063243907059533
ENSG00000115364_MRPL19	5796	0.413409432611889	0.056169703763348	0.459322765744967	0.0623992232684659	0.00869887461133005
ENSG00000115750_TAF1B	5919	0.0638630578516307	0.0132737649706153	0.757729234329584	0.157484335684586	0.0076496071635836
ENSG00000115816_CEBPZ	6033	0.261826751601709	0.0871523800614413	0.476175568407363	0.158484762284751	0.0163605376447357
ENSG00000115866_DARS	3410	0.161043725173914	0.0821972674745845	0.491439871803037	0.250818088342083	0.0145010472063821
ENSG00000115934_PPIL3	3715	0.000929373623406664	0.000169300761529867	0.836798380731874	0.152426975487922	0.00967596939526803
ENSG00000118640_VAMP8	4532	1.47368670834226e-10	0.00495188130322875	3.46973784645878e-09	0.115710775550286	0.879337339529378
ENSG00000118961_C2orf43	4668	0.00021429701110376	0.570993622595151	0.000141619073202769	0.377292157689055	0.0513583036314877
ENSG00000119878_CRIPT	6187	0.00096504896949416	0.000205975495904122	0.81416686325977	0.173761030405229	0.0109010818696041
ENSG00000123983_ACSL3	5024	0.409606509549778	0.0355628770709021	0.504710468285469	0.0438136913284045	0.00630645376544673
ENSG00000130414_NDUFA10	6745	0.479827902988576	0.066808613925573	0.391474675937784	0.0544994042276053	0.00738940292046171
ENSG00000132305_IMMT	3946	1.02822927660127e-10	0.00345505547401117	2.96494418354267e-08	0.9962801236985	0.00026479107522433
ENSG00000132313_MRPL35	3812	1.90925852260724e-08	0.641548948200389	9.16636639277968e-09	0.3079577019267	0.0504933216139593
ENSG00000132329_RAMP1	5849	0.456723094355989	0.0774033969580879	0.390631177568994	0.0661933841579691	0.0090489469589604
ENSG00000135632_SMYD5	3219	0.569353360725348	0.165933386474414	0.193266732443161	0.0563108749120094	0.0151356454450681
ENSG00000135899_SP110	5217	0.376286459983682	0.0395962681434208	0.511092184038482	0.053762484329595	0.0192626035048203
ENSG00000135951_TSGA10	3566	0.00343424171237401	0.00080665693511268	0.801602993614041	0.188279826404066	0.00587628133440693
ENSG00000136718_IMP4	2920	0.641669095941491	0.0299385296378259	0.309055859028153	0.0144147815895775	0.0049217338029524
ENSG00000138035_PNPT1	5795	0.0182447175958194	0.00574418419810688	0.713550892625098	0.224617197028972	0.0378430085520035
ENSG00000138036_DYNC2LI1	5494	0.000162429843376618	0.608958095409545	8.99585315623029e-05	0.337205720943461	0.053583795272056
ENSG00000138095_LRPPRC	5386	9.42287336817167e-05	0.353268751120266	0.000164152465947422	0.615385616048603	0.0310872516315017
ENSG00000138399_FASTKD1	5654	0.519258422691113	0.0941670380043199	0.319206532574135	0.0578783217989015	0.00948968493153061
ENSG00000144120_TMEM177	4432	0.409479214770442	0.0436031334274809	0.481526065287695	0.0512608657043927	0.0141307208099896
ENSG00000144401_FAM119A	4471	0.500015290112022	0.0535045513105374	0.396326789098018	0.0424015253167111	0.00775184416271129
ENSG00000151665_PIGF	6141	0.0468151972591232	0.00993588230261007	0.771318114715843	0.163693433332292	0.00823737239013236
ENSG00000151690_ILMN_5981	3558	0.186107737586723	0.0118232084691934	0.743898254118029	0.0472480695736437	0.0109227302524111
ENSG00000158089_GALNT14	4912	0.496571854057286	0.132689369015884	0.277146109426908	0.0740368815344255	0.0195557859654956
ENSG00000163082_SGPP2	4667	0.213088131715497	0.0176632812195624	0.697274932756153	0.0577842582484442	0.0141893960603434
ENSG00000168385_SEPT2	4441	0.336014663889794	0.0372016070302757	0.556418873554603	0.0615947207324869	0.00877013479283977
ENSG00000171103_ILMN_29305	4881	0.00053380632359834	7.2052803163868e-05	0.865776754317453	0.116845166848715	0.0167722197070694
ENSG00000171853_TTC15	6359	0.235515325354804	0.0283232020629774	0.638394978052449	0.0767527160504814	0.0210137784792883
ENSG00000172954_LYCAT	5554	0.335912136084425	0.094927466476567	0.431180119987211	0.121833682537668	0.0161465949141289
ENSG00000173272_FAM128A	3652	0.55506624342829	0.0411871528777385	0.370144266154005	0.0274593868980904	0.00614295064187579
ENSG00000174501_ILMN_40651	2197	0.0616218896567554	0.00208758402607926	0.898649315611871	0.0304366192959801	0.00720459140931451
ENSG00000176732_PFN4	4945	0.218371112795749	0.0785040791920553	0.44592486788174	0.160212316540823	0.0969876235896331
ENSG00000182551_ADI1	6346	0.460997519827778	0.0565231025337068	0.423699175342913	0.0519430995048975	0.00683710279070425
ENSG00000183891_TTC32	5319	0.00022535661487351	0.44336155546758	0.000261806216842423	0.515030565088974	0.0411207166117295
ENSG00000196151_WDSUB1	5883	0.0384000004967885	0.0145842895219142	0.677326050322635	0.257235438769791	0.0124542208888714
ENSG00000196912_KIAA1641	2552	0.268733591302722	0.0112168099265457	0.685455529710072	0.0286045922989886	0.00598947676167089
ENSG00000198369_SPRED2	4828	0.465576232034847	0.174048300530206	0.248042282593299	0.0927070527112293	0.0196261321304188
ENSG00000213639_PPP1CB	4784	0.26591059821593	0.0353604049344619	0.601951347438787	0.0800298676562507	0.0167477817545703
ENSG00000214587_ILMN_36450	3820	6.61743597132104e-06	8.31612527340426e-07	0.882498949888007	0.110896959550377	0.00659664151311692
ENSG00000011376_LARS2	4511	0.336414514987489	0.0283698992441148	0.579784108993972	0.0488867581048116	0.00654471866961219
ENSG00000075975_MKRN2	5482	0.193288603718451	0.0438149606914759	0.60749668201247	0.137690581593829	0.0177091719837747
ENSG00000113851_CRBN	7470	0.395319374375528	0.0519367488226773	0.482602259946647	0.0633971612996313	0.00674445555551561
ENSG00000114316_USP4	2058	0.000294784025152447	0.67354067922733	0.000116126820120725	0.265272928609918	0.0607754813174786
ENSG00000114383_TUSC2	2483	0.000302189179394097	0.656689050149894	0.000131240767261699	0.285142333746927	0.0577351861565239
ENSG00000114491_UMPS	5176	0.000706431165586629	0.178081558787133	0.00310168091068298	0.781854745751526	0.0362555833850716
ENSG00000114742_WDR48	4807	0.067358809625785	0.00710890807581374	0.830061562323332	0.0875950879090841	0.00787563206598504
ENSG00000121542_SEC22A	4303	0.343053711425446	0.0605134566333408	0.49874227588927	0.0879666426965071	0.00972391335543559
ENSG00000129055_ANAPC13	4632	3.93427640610838e-05	3.84528763496503e-05	0.25518444412619	0.24891664673201	0.495821113501389
ENSG00000132182_NUP210	5259	0.0114560837052066	0.00236773092644901	0.790404097330638	0.163327414926309	0.0324446731113974
ENSG00000144559_C3orf31	5018	0.276067790174863	0.0540883463178768	0.551026901937933	0.107948607409411	0.0108683541599169
ENSG00000145088_EAF2	5155	0.00787782351651311	0.00116527581656494	0.857255343601201	0.126797017689349	0.00690453937637212
ENSG00000154174_TOMM70A	4088	0.627237993311983	0.0524774075801697	0.290181383378443	0.0242719817973231	0.00583123393208084
ENSG00000157017_GHRL	4910	0.48744999557729	0.0648271190187136	0.387144770403879	0.051478191770602	0.00909992322951542
ENSG00000160124_CCDC58	4952	0.000587632208028784	6.50650729303894e-05	0.892233065545354	0.098783411164024	0.00833082600966298
ENSG00000163602_RYBP	4978	0.435564774795539	0.171327387083398	0.267091921525158	0.105038392916618	0.0209775236792873
ENSG00000163864_NMNAT3	4205	0.351254405322571	0.0717263100298704	0.47078227264568	0.0961238419709472	0.0101131700309311
ENSG00000164054_ILMN_5730	1750	0.000480568717600021	0.74672371418749	0.000119938904463638	0.186298696083576	0.0663770821068701
ENSG00000168297_PXK	4171	0.531502081384033	0.0561202729326506	0.360749002054566	0.0380772353724175	0.0135514082563328
ENSG00000168827_GFM1	4683	0.0818365962096758	0.0113788187377716	0.758855543376843	0.105471213024846	0.0424578286508635
ENSG00000170819_BFSP2	4907	0.0704876931127112	0.00957398769600103	0.802376296995839	0.108974135987553	0.00858788620789492
ENSG00000172113_NME6	1656	0.00442843263491062	0.49817322797344	0.00388184152137403	0.436627979608509	0.0568885182617667
ENSG00000173226_IQCB1	5187	0.221954572749922	0.032382941790003	0.64375596669799	0.0939153361824131	0.00799118257967142
ENSG00000178252_WDR6	1974	0.00013555017926956	0.309712770580527	0.000288640897395422	0.659472773189984	0.0303902651528243
ENSG00000178750_STX19	1966	0.411320467917755	0.0106285902641621	0.550108727320455	0.0142011612418517	0.0137410532557762
ENSG00000180376_CCDC66	5097	0.168486543053365	0.0175725725246754	0.728440982606145	0.0759643776728173	0.00953552414299789
ENSG00000182923_CEP63	4633	0.0547756645321115	0.0535369614816644	0.223453795806854	0.217950303212305	0.450283274967065
ENSG00000184203_PPP1R2	6253	0.538886787800807	0.0646286030195459	0.348158491946428	0.0417480120485578	0.0065781051846613
ENSG00000196455_PIK3R4	3923	0.378023503279221	0.0730131201669011	0.45236092528645	0.087361735719095	0.00924071554833276
ENSG00000197548_ATG7	5349	0.485434379660811	0.0822551107627601	0.361684553817708	0.0612767984291737	0.0093491573295466
ENSG00000213533_MUSTN1	3220	0.182099714531553	0.212716910465978	0.262881924227714	0.30704611974373	0.0352553310310248
ENSG00000033178_UBE1L2	4957	0.0659861463650836	0.00666183431523337	0.817860141485738	0.0825426362812404	0.0269492415527044
ENSG00000038002_AGA	5452	0.0740743020049419	0.00634309248647591	0.840438865936619	0.0719608453094896	0.00718289426247296
ENSG00000056050_C4orf27	4945	0.245141372826349	0.332106871341295	0.161767337605591	0.219113483210203	0.041870935016563
ENSG00000059691_PET112L	3776	0.249372611064466	0.024400135881647	0.652628834973479	0.0638474311858389	0.00975098689456892
ENSG00000078177_ILMN_7118	5163	7.73968152768873e-06	1.07866270029735e-06	0.872209535269331	0.121551729434854	0.00622991695158733
ENSG00000087008_ACOX3	7012	0.251675806353999	0.0357127747861757	0.460697187994683	0.0651861623886086	0.186728068476534
ENSG00000109181_UGT2B10	6796	0.0809697752206327	0.0120013823533839	0.725624885905447	0.107478574018073	0.0739253825024637
ENSG00000109323_MANBA	4316	0.00310577779557322	0.000273671615219913	0.907471766098238	0.0799544348412584	0.00919434964971072
ENSG00000109674_NEIL3	5546	0.462996253766182	0.0709066486554168	0.396671428509618	0.060740492347246	0.00868517672153699
ENSG00000109775_C4orf20	6593	0.376410929814787	0.128074709555113	0.359804418336472	0.122411005792814	0.0132989365008146
ENSG00000109814_UGDH	5576	0.0872184112602902	0.0523394451269312	0.493544669250494	0.296103531645883	0.0707939427164015
ENSG00000118564_FBXL5	5717	0.0425359093081226	0.00530635468422757	0.835880344530235	0.104264059609749	0.0120133318676662
ENSG00000121895_TMEM156	5729	0.00440951697230557	0.00264059871061145	0.617540073213485	0.369802589758066	0.0056072213455319
ENSG00000125089_SH3TC1	7807	0.437350272448418	0.0669626478188083	0.423483650355049	0.0648321597016758	0.00737126967604905
ENSG00000128039_ILMN_17863	5484	0.366287835920605	0.183897032761883	0.285215187416642	0.143172589812	0.0214273540888699
ENSG00000132465_IGJ	5168	0.578977415019269	0.0709642833108915	0.305236060142148	0.0374048506643713	0.0074173908633203
ENSG00000138785_INTS12	3992	0.526388224412043	0.0595994505487157	0.36214550360361	0.0409924612626389	0.0108743601729927
ENSG00000145214_DGKQ	4921	0.027714595851364	0.00330669677192356	0.859544195393321	0.10254745042458	0.00688706155881116
ENSG00000145247_OCIAD2	2284	0.052302624327456	0.0020915986549703	0.899171393989898	0.0359476645682202	0.010486718459455
ENSG00000145348_ILMN_16160	4138	0.00114035077891996	0.000128151165037241	0.889204960984719	0.0999181101431526	0.00960842692817149
ENSG00000145439_CBR4	4806	0.25396847660628	0.362087411241806	0.144598005997175	0.206122746711645	0.0332233594430938
ENSG00000157426_ILMN_5103	6100	0.00272497791582048	0.448333034415403	0.00308372919542725	0.507318844833268	0.0385394136400807
ENSG00000163110_PDLIM5	5105	0.356425437832651	0.126160108647726	0.357985956793528	0.126679720114671	0.032748776611425
ENSG00000163743_RCHY1	5633	0.482221781099004	0.0431146646558164	0.430213743707126	0.0384587195821772	0.00599109095587632
ENSG00000164111_ANXA5	5484	0.495100084319564	0.05612787640427	0.395357415266488	0.0448117735590716	0.00860285045060692
ENSG00000164306_CCDC111	6070	0.233984865382294	0.0526473247676513	0.573298078427653	0.128982769432686	0.0110869619897158
ENSG00000168993_ILMN_30247	4812	0.576569318693005	0.0672071785384194	0.312809116853115	0.0364552970236057	0.00695908889185459
ENSG00000170871_KIAA0232	7570	0.48976123537682	0.06979842141492	0.379128387683864	0.0540242710883959	0.00728768443600061
ENSG00000171234_UGT2B7	6676	0.000308861117191325	5.40110264208086e-05	0.740123749182582	0.129296380092323	0.130216998581482
ENSG00000174130_TLR6	5850	0.222090684558047	0.134849237660299	0.384871365551685	0.233662043054365	0.0245266691756045
ENSG00000174137_FAM53A	5120	0.0598843620984863	0.00640343581114672	0.820473876030165	0.0877077543088889	0.0255305717513135
ENSG00000174780_SRP72	6224	0.0027586862020086	0.453896011168339	0.00300682528210442	0.494677515902095	0.045660961445453
ENSG00000179979_CRIPAK	5165	0.437360474833432	0.0495396397665114	0.453679213708555	0.0513800159015283	0.00804065578997324
ENSG00000197888_UGT2B17	6234	0.000151109575702517	2.12643110821104e-05	0.758899912532577	0.106658988719315	0.134268724861324
ENSG00000198498_ILMN_19458	5348	0.466630712059005	0.0620827395353842	0.408239779820866	0.054305394544636	0.0087413740401088
ENSG00000213759_UGT2B11	6681	0.000528865872913085	8.21049789096004e-05	0.755901494930869	0.117225375520587	0.126262158696721
ENSG00000013561_RNF14	4616	0.0608735362028469	0.211716822856036	0.157533111422801	0.547874702151225	0.0220018273670918
ENSG00000037474_NSUN2	6416	0.0906970879895501	0.163469177518395	0.259155216259841	0.467072458202045	0.0196060600301692
ENSG00000047188_YTHDC2	6058	0.388411217218906	0.0425363224289239	0.506973033151551	0.055513891765751	0.00656553543486773
ENSG00000063438_AHRR	3847	0.345955203612707	0.0293672910558612	0.564655437050818	0.0479201169978204	0.0121019512827928
ENSG00000082196_AMACR	5011	0.00650571055092846	0.000755948766769602	0.879640476702446	0.102201325840697	0.0108965381391592
ENSG00000112992_NNT	4422	0.103026878637448	0.00970288094778311	0.804504665055984	0.0757597561191056	0.00700581923967864
ENSG00000113196_HAND1	5221	0.462185966785397	0.0739379661743417	0.391568916455392	0.062631363492331	0.00967578709253856
ENSG00000113318_MSH3	5125	0.293317000627455	0.0393326640066452	0.580995382149573	0.0779007570210784	0.00845419619524812
ENSG00000113384_GOLPH3	5250	0.537535162547584	0.0835327736190846	0.319800354442903	0.0496874173688512	0.00944429202157757
ENSG00000113621_TXNDC15	3916	0.62224121722676	0.0535189482282172	0.292957340034672	0.0251911606004282	0.00609133390992233
ENSG00000120314_WDR55	3105	0.00450377179976425	0.0108209106409049	0.287274030989257	0.690206865480879	0.00719442108919558
ENSG00000123219_CENPK	4058	0.0212794289277517	0.00294231203542973	0.849754753548903	0.117487269079582	0.00853623640833433
ENSG00000145495_MARCH6	5512	0.0752841951039059	0.349406985529472	0.0967160645285964	0.448846256128003	0.0297464987100223
ENSG00000145839_IL9	4275	0.651924983702339	0.0552752463681283	0.264979720578446	0.0224616734201982	0.00535837593088817
ENSG00000146066_HIGD2A	3624	0.489847268968908	0.0376922688684094	0.431653976707758	0.0332068710560902	0.0075996143988343
ENSG00000150753_CCT5	5495	0.00115533439339105	0.00536153105758428	0.175798380296566	0.81582122736765	0.00186352688480875
ENSG00000155542_C5orf35	5015	0.0211101845701519	0.181609548550396	0.0812304382079213	0.698802944026898	0.0172468846446327
ENSG00000161011_SQSTM1	6502	0.000209461724250475	3.64538315497516e-05	0.844913155640063	0.147037304306729	0.00780362449740793
ENSG00000164219_PGGT1B	5972	0.0956420944096606	0.0102619054584861	0.799132038374432	0.0857335324960282	0.00923042926139285
ENSG00000164253_WDR41	4933	0.0634539387006543	0.00846141830470173	0.80750660304826	0.107666001076884	0.0129120388695
ENSG00000164307_ILMN_10385	4858	0.0166577659337886	0.00310999464060806	0.808322253902482	0.150892249235594	0.0210177362875285
ENSG00000164308_ILMN_22173	5084	8.42372807767335e-09	1.59505762270912e-09	0.531041663807734	0.10018552406292	0.36877280211056
ENSG00000164338_UTP15	5020	0.393072191726907	0.0389765323531076	0.51020244098606	0.0505838520523394	0.00716498288158655
ENSG00000164346_ILMN_8436	4832	0.0677129559560493	0.0149240874447341	0.743525971351163	0.16386482043881	0.00997216480924411
ENSG00000169045_HNRPH1	6675	0.424299161783015	0.0735863207069434	0.41596230119482	0.0721264308892767	0.0140257854259447
ENSG00000169131_ZNF354A	6311	0.259962769147959	0.0348196770686195	0.615604560969426	0.0824475340552507	0.00716545875874572
ENSG00000171421_MRPL36	7061	0.0191152080206662	0.00321618120013653	0.829379584543725	0.139536421305954	0.00875260492951808
ENSG00000205464_ILMN_15537	3930	0.0345475576119973	0.0022117272288843	0.8880661249907	0.0568354637313836	0.0183391264370346
ENSG00000205550_ILMN_31744	2002	0.769785717801035	0.0296517090455521	0.18998373430994	0.00731480160476618	0.00326403723870713
ENSG00000009844_VTA1	3768	0.621818807787499	0.0779017714438692	0.260003869507952	0.0325657050509671	0.00770984620971196
ENSG00000010017_RANBP9	4485	1.32851317246249e-29	0.405883139660837	1.83733254724619e-29	0.561303210964548	0.0328136493746169
ENSG00000030110_BAK1	14352	0.197610768251287	0.13028178705873	0.393411898919017	0.259351163079542	0.0193443826914231
ENSG00000031691_CENPQ	4979	0.0317052716395823	0.00284303963544184	0.876730718031345	0.0786071018834323	0.0101138688101989
ENSG00000047932_GOPC	4540	0.589351214028705	0.0651144585074264	0.305131966351614	0.0337058033732849	0.00669655773896983
ENSG00000048544_MRPS10	4574	0.00580252701700742	0.000804808489675446	0.865313956996804	0.120010678421303	0.00806802907521061
ENSG00000051620_HEBP2	5184	0.528544547368443	0.060172132037564	0.362823741587606	0.0412984927017641	0.00716108630462296
ENSG00000071242_RPS6KA2	7044	0.274946505425367	0.0873472571306024	0.472227633472813	0.150005668308928	0.0154729356622892
ENSG00000111801_BTN3A3	4904	0.000437001741647985	0.000134439335258318	0.757090610294762	0.232902126485384	0.0094358221429476
ENSG00000111850_C6orf162	5236	0.0601805400607725	0.00911497967825172	0.792245281480127	0.119975448400941	0.0184837503799087
ENSG00000112096_SOD2	5754	7.09527199942742e-42	0.326282261641952	1.39994945735206e-41	0.643748980331053	0.0299687580269945
ENSG00000112242_E2F3	5553	0.504918701327787	0.0861639533520546	0.340638630421906	0.0581195377114351	0.0101591771868169
ENSG00000112297_AIM1	5000	0.0572107016773745	0.0112804163705613	0.755513983816139	0.148940045031251	0.0270548531046747
ENSG00000112584_FAM120B	3962	0.370006138010655	0.0260339074324031	0.556684391166853	0.0391606134030658	0.00811494998702325
ENSG00000124532_MRS2L	6847	0.436372674290734	0.11153106064712	0.349335069694781	0.0892719154664471	0.0134892799009184
ENSG00000124587_PEX6	4125	1.1437410091203e-07	1.14389187587833e-07	0.480502563786307	0.480526974916729	0.0389702325336756
ENSG00000124588_NQO2	5952	0.467417681748134	0.0565980226187058	0.418463881450576	0.0506635159872987	0.00685689819528529
ENSG00000124596_C6orf130	5204	0.567929629338541	0.064362694504534	0.324268384817641	0.036742199093721	0.00669709224556307
ENSG00000124688_MAD2L1BP	4286	0.00265193644287985	0.00264957063400329	0.492503926090048	0.492054420149658	0.0101401466834098
ENSG00000124762_CDKN1A	4920	0.015640333229105	0.00267203565914943	0.72827078720801	0.124290570188723	0.129126273715013
ENSG00000130023_C6orf70	6062	0.0269624257555493	0.00286639434946886	0.869606852616168	0.0924403890849848	0.00812393819382919
ENSG00000130340_SNX9	5205	0.588508223008333	0.0605701718458397	0.312694392203055	0.0321769377111592	0.00605027523161367
ENSG00000130348_QRSL1	5076	0.00580857624729782	0.00116668715084904	0.821174043172405	0.164930779789569	0.00691991363987914
ENSG00000135541_AHI1	3491	0.227729905660797	0.0192099785845425	0.687373887650858	0.0579751771561666	0.00771105094763596
ENSG00000145979_TBC1D7	4446	2.02816531896024e-29	0.619638649035711	1.08755712010335e-29	0.332218866694002	0.0481424842702909
ENSG00000145996_CDKAL1	5268	0.525924224272815	0.0787700605036608	0.336205303713347	0.0503462416506303	0.00875416985954669
ENSG00000146085_MUT	4949	0.00960048150952024	0.00084925855110728	0.901509508616951	0.0797392255475547	0.00830152577486749
ENSG00000146223_RPL7L1	4055	0.19741140678579	0.197062425955534	0.285968240580811	0.285428581004392	0.0341293456734731
ENSG00000146243_IRAK1BP1	5582	0.32352669495595	0.118615484358602	0.374550226453673	0.137276351175729	0.0460312430560454
ENSG00000146281_ACY1L2	4397	0.0154755507473668	0.00162084835203101	0.878903929512193	0.0920409839832013	0.0119586874052076
ENSG00000146453_PNLDC1	5708	1.33583562369012e-41	0.614297936425822	7.08090346606765e-42	0.325562587609272	0.060139475964907
ENSG00000164414_SLC35A1	5111	0.124820327346978	0.0187986470819358	0.738033405980752	0.111144801255039	0.00720281833529486
ENSG00000164484_KIAA1913	5677	0.000985865692004455	0.000150764224913155	0.820094809430887	0.125360184268029	0.0534083763841666
ENSG00000168405_CMAH	6347	0.0186499504011209	0.00821083270407738	0.671188778816228	0.295491312030643	0.00645912604793104
ENSG00000180992_MRPL14	4475	0.0898492430265873	0.0879913982952215	0.4093530758651	0.400876807351864	0.0119294754612266
ENSG00000186470_BTN3A2	5031	4.36830217141265e-05	1.3577648966233e-05	0.755697780975399	0.23487821181415	0.00936674653976953
ENSG00000188820_FAM26F	4656	0.306429881681775	0.0247707232630848	0.610974209050446	0.0493805802837889	0.0084446057209056
ENSG00000196126_HLA-DRB1	16194	1.34230008670349e-14	2.29967887340807e-12	0.00580252167729102	0.994109697798753	8.77805216429459e-05
ENSG00000196306_ILMN_5683	11533	3.77618168673699e-08	1.40138986410261e-08	0.725322813894931	0.269171171410637	0.00550596291871678
ENSG00000197498_BXDC1	4516	0.434432540375041	0.0666836907648587	0.419658808330006	0.0644011570465434	0.0148238034835517
ENSG00000198502_HLA-DRB5	16185	3.8732094878636e-10	6.64013176702319e-08	0.00579760518773358	0.993926401687022	0.000275926336606703
ENSG00000204261_PSMB9	16712	2.19436358621806e-08	3.7425473046554e-06	0.00582884914999429	0.994126174359747	4.12119993186627e-05
ENSG00000005075_POLR2J	4027	0.448839052210347	0.106097656075876	0.348345755432977	0.0823284194543377	0.0143891168264618
ENSG00000064419_TNPO3	4756	0.00440944102256225	0.000552399439041197	0.877796324935494	0.109959989517812	0.00728184508509114
ENSG00000105778_KIAA0241	5720	0.250443934138411	0.0465114596814201	0.557264550806595	0.103450645078762	0.0423294102948126
ENSG00000105829_BET1	3778	0.382085759479232	0.0292495741718175	0.531186150085467	0.0406467321161229	0.0168317841473606
ENSG00000105928_DFNA5	6387	0.32367556866221	0.102787691550121	0.42286902088268	0.134271559722812	0.0163961591821774
ENSG00000105971_CAV2	3357	0.00266013040945047	0.000621306291457077	0.759460233431186	0.177321374677473	0.0599369551904342
ENSG00000106121_ILMN_22269	4834	5.12652507449963e-05	5.25228787025262e-06	0.888213239791065	0.0909795186154592	0.0207507240548594
ENSG00000106153_CHCHD2	4990	4.6049411217084e-05	8.51941660225066e-06	0.833351691500014	0.154162617992628	0.0124311216795381
ENSG00000106392_C1GALT1	6981	0.3226283457971	0.245137679180199	0.226375938196103	0.171969820802564	0.0338882160240336
ENSG00000106591_MRPL32	5303	0.301333855250304	0.0409228236061549	0.570164278122161	0.0774213415263044	0.0101577014950749
ENSG00000106610_ILMN_35010	6985	0.0976939124274946	0.0201569031865531	0.725230677841526	0.149627463036172	0.00729104350825495
ENSG00000126870_WDR60	4650	0.227640568215089	0.025901428466761	0.660212034001024	0.0751091939532726	0.0111367753638535
ENSG00000127952_STYXL1	3409	0.45033654876309	0.0258425388681045	0.488550615309031	0.0280282089536477	0.00724208810612708
ENSG00000128534_LSM8	3759	0.0850012560468117	0.019893857348604	0.718127937814216	0.168063129081109	0.0089138197092587
ENSG00000128578_FAM40B	4911	3.20624446104866e-07	0.519393085724159	2.68434250322445e-07	0.43480217854091	0.045804146676236
ENSG00000128604_IRF5	4722	6.04672341726432e-08	7.52770773297305e-09	0.879736653816503	0.109509724810265	0.0107535533782916
ENSG00000136240_KDELR2	6260	0.331123989078455	0.278647377384556	0.198145224310222	0.166717754494851	0.0253656547319148
ENSG00000146535_GNA12	7118	0.242791503972355	0.107002726557274	0.442820807884396	0.195147119238453	0.012237842347522
ENSG00000154710_RABGEF1	5303	0.462017574381135	0.0752593325514696	0.385505475433599	0.0627816271569736	0.0144359904768226
ENSG00000158604_TMED4	4647	0.29216479564994	0.239474617796927	0.242548878489721	0.198779603185273	0.0270321048781386
ENSG00000160916_ATP5J2	3289	0.143100047175806	0.476052109949611	0.0774974347041284	0.257765772066371	0.0455846361040843
ENSG00000161036_ILMN_12314	4044	0.555781815055336	0.130348139173015	0.243509544369256	0.057097306311832	0.0132631950905601
ENSG00000168090_COPS6	2902	0.173190924752978	0.499536820963683	0.0705187122806078	0.203344623636465	0.0534089183662667
ENSG00000169193_CCDC126	5484	0.0166700674781241	0.00483608712590926	0.750277070850501	0.217649336336417	0.0105674382090481
ENSG00000170356_ILMN_115008	3606	0.531370591011238	0.0411502793252019	0.391219327460305	0.0302907482931526	0.00596905391010204
ENSG00000174353_ILMN_28376	2305	0.739864159192083	0.0322796400098372	0.214699528548015	0.00936336335859676	0.00379330889146744
ENSG00000178381_ZFAND2A	5337	0.101108990739618	0.045987621756835	0.578922534286333	0.263301914120309	0.0106789390969049
ENSG00000188191_PRKAR1B	4175	0.357971642468674	0.0311956263548033	0.554859400379494	0.0483458857391704	0.00762744505785875
ENSG00000188372_ZP3	4381	9.85437976157739e-06	8.13320111509272e-07	0.915030052665083	0.0755115248963875	0.00944775473865643
ENSG00000188707_C7orf29	5263	8.12248447002615e-07	0.420589108326724	1.00729538179503e-06	0.521528178167391	0.0578808939620555
ENSG00000189077_TMEM120A	3404	0.143026072563918	0.00819896945217984	0.791576810201409	0.0453653069320038	0.0118328408504893
ENSG00000196313_ILMN_19309	3374	0.678221091898007	0.0689726082742064	0.223240087602623	0.0226958312856001	0.00687038093956345
ENSG00000196511_TPK1	3819	0.447500484811182	0.0332217362523268	0.475535047536227	0.0352945301511701	0.00844820124909428
ENSG00000196937_FAM3C	4218	0.53850000133549	0.0338952676665758	0.397432911243434	0.025010799746369	0.00516102000813082
ENSG00000197448_GSTK1	3541	0.698206746021506	0.0524729184103167	0.227259202121532	0.0170744151047817	0.00498671834186342
ENSG00000213214_ILMN_28207	3421	0.540812889039438	0.0398757494376296	0.384643302947553	0.0283545859845972	0.00631347259078225
ENSG00000214253_FIS1	4769	0.536251378424884	0.115168854541136	0.275913033366297	0.0592434649823122	0.0134232686853699
ENSG00000036448_MYOM2	9372	0.33706772548609	0.0696562559144641	0.483597743757972	0.0999274595785362	0.00975081526293691
ENSG00000066827_ZFAT1	5945	0.485709745106102	0.127711871454964	0.296247122260121	0.0778823736442282	0.0124488875345839
ENSG00000070718_AP3M2	4041	0.39503863049216	0.0531936211584765	0.479342859497551	0.0645376546571561	0.00788723419465597
ENSG00000104427_C8orf70	4803	0.00152134642703942	0.000172589921640228	0.890414944498532	0.101006693262229	0.00688442589055854
ENSG00000104497_SNX16	5003	0.0482847965870644	0.0050225715897511	0.841607566507542	0.0875262344963078	0.0175588308193347
ENSG00000104518_GSDMDC1	4539	0.386412662501662	0.0491613132183819	0.492913939449879	0.0627021178015402	0.00880996702853736
ENSG00000104687_GSR	4660	0.588472303041215	0.0553990259859691	0.319839441083305	0.0301036316630813	0.00618559822643003
ENSG00000104723_TUSC3	8164	0.436091488084421	0.0714612518564271	0.4162744030811	0.0682059073698184	0.0079669496082334
ENSG00000104763_ASAH1	8376	0.312829915021155	0.115655815365477	0.408322918877146	0.150948128044725	0.0122432226914983
ENSG00000136982_ILMN_3628	5152	0.264252652712385	0.0235747532091535	0.646832173487286	0.0576981506565802	0.00764226993459536
ENSG00000147421_HMBOX1	4291	0.0145851415135494	0.00137755869130815	0.889464899349074	0.0839989029668777	0.0105734974791902
ENSG00000147454_SLC25A37	5511	0.482352096842293	0.0606225627770547	0.398906795396443	0.0501270704531072	0.00799147453110218
ENSG00000147592_LACTB2	4480	0.438377364475767	0.1528128588176	0.289721753748137	0.10097526198785	0.0181127609706465
ENSG00000147647_DPYS	5118	0.33754558054018	0.308759165656962	0.169687501959546	0.155187466189194	0.0288202856541181
ENSG00000147813_NAPRT1	4532	0.0871690655262402	0.0110733614311023	0.793897881381117	0.100844337437589	0.00701535422395202
ENSG00000154319_C8orf13	6235	0.111066508464933	0.0447461045233685	0.576189749323369	0.232097504480455	0.0359001332078754
ENSG00000156795_C8orf32	4559	0.000766906333749649	6.81917991587914e-05	0.910722596732325	0.0809721875964597	0.0074701175383067
ENSG00000160959_LRRC14	2134	0.752375772702515	0.0329296452897401	0.202294396930574	0.00885038060732136	0.00354980446984882
ENSG00000161016_RPL8	1610	6.52120746588957e-05	1.70517072980225e-06	0.950908135039586	0.0248402399725288	0.0241847077424973
ENSG00000172728_FUT10	3915	0.0346784782966194	0.00259168457520919	0.889022696248809	0.0664335427829247	0.00727359809643713
ENSG00000173566_NUDT18	5139	0.18338961948628	0.089257214496772	0.479064467358174	0.233149420638465	0.015139278020308
ENSG00000176209_C8orf40	3812	0.00218730189061902	0.000295905753082757	0.871978552092149	0.117956688142638	0.00758155212151037
ENSG00000205038_PKHD1L1	3931	6.52955541490454e-05	5.36945852790898e-05	0.546154125898685	0.449115082039014	0.00461180192287263
ENSG00000215374_ILMN_41203	4597	0.598766990097533	0.0778171099819837	0.279372001852464	0.0363000723257442	0.00774382574227474
ENSG00000054179_ENTPD2	3591	0.571690946162667	0.118521198547791	0.243374193543655	0.0504396109256623	0.0159740508202241
ENSG00000070214_SLC44A1	5154	0.284469117852387	0.307743349617574	0.182165647845877	0.197041199952883	0.0285806847312791
ENSG00000090054_SPTLC1	5319	0.512611076611701	0.0897688865308532	0.330649420300054	0.0578945308527225	0.00907608570466931
ENSG00000106733_C9orf95	5240	0.0007597885021775	8.60158820557806e-05	0.887623369455146	0.100477051583948	0.0110537745766721
ENSG00000106789_CORO2A	4967	0.583196765828272	0.0668924564505094	0.307710416371606	0.0352873595878204	0.00691300176179247
ENSG00000119314_ROD1	5294	0.259129784411475	0.106285994288594	0.437007198488945	0.179226751592161	0.018350271218825
ENSG00000119383_PPP2R4	4225	0.599775634400501	0.0832160149844784	0.270658234085377	0.0375437355555351	0.00880638097410849
ENSG00000119431_HDHD3	5144	0.539447709713319	0.0573393197140368	0.358264978231754	0.038074055427102	0.0068739369137881
ENSG00000130560_UBAC1	5666	0.521246130284756	0.0980242813102209	0.311676061974554	0.0586025923127742	0.0104509341176951
ENSG00000130653_PNPLA7	2680	0.644590091852778	0.106850183830317	0.204293878309993	0.0338542703807585	0.0104115756261537
ENSG00000130956_HABP4	3956	0.465840227800681	0.0409767959385376	0.445264990864689	0.0391581724964411	0.00875981289965177
ENSG00000131669_NINJ1	5257	0.561798970506071	0.0785715969818946	0.308600373485495	0.0431520885098801	0.00787697051665876
ENSG00000136861_CDK5RAP2	3390	0.337695279247649	0.0576569785269789	0.488262526185343	0.0833312798813468	0.0330539361586825
ENSG00000136872_ALDOB	6226	0.521152970063129	0.0706508707377292	0.352979542619586	0.0478448203070522	0.00737179627250339
ENSG00000137054_POLR1E	4521	0.211193389159107	0.0491219722607	0.586885855120242	0.13648886578977	0.0163099176701813
ENSG00000148290_SURF1	5671	2.35717607290993e-07	0.272564284821252	6.08803528523529e-07	0.703946402690058	0.0234884679675551
ENSG00000148296_SURF6	5712	3.20818209645332e-07	0.370967561095761	5.17022691581996e-07	0.597810925315196	0.0312206757481414
ENSG00000148384_INPP5E	4350	0.00856284853366706	0.00197359018187596	0.708604101744395	0.163203473956307	0.117655985583754
ENSG00000156052_GNAQ	4867	0.591397958616142	0.0758725568407342	0.288244796594323	0.0369724424449446	0.00751224550385552
ENSG00000157653_C9orf43	5125	0.487863800156553	0.0516191407049141	0.409490023908938	0.0433189809819777	0.00770805424761757
ENSG00000159884_CCDC107	3751	0.590702125294711	0.0559774230396954	0.316113404615297	0.0299489804857183	0.0072580665645789
ENSG00000164978_NUDT2	4236	0.0958309928185087	0.0104061837840348	0.799161457135385	0.0867722485113905	0.00782911775068108
ENSG00000165029_ABCA1	5792	0.250828905402977	0.266013097761342	0.221977616180697	0.235389474407925	0.0257909062470592
ENSG00000175768_C9orf105	4539	0.0125034354597528	0.00289132418479702	0.763170821632304	0.176432435823663	0.0450019828994839
ENSG00000196152_ZNF79	3593	0.0265295983873328	0.00294063345624887	0.865928902891475	0.0959739607471435	0.00862690451779983
ENSG00000204001_LCN8	3695	0.547884994781699	0.109565144138114	0.273806377504686	0.0547413489024344	0.0140021346730664
