gene	nsnps	PP.H0.abf	PP.H1.abf	PP.H2.abf	PP.H3.abf	PP.H4.abf
ENSG00000055950_MRPL43	3711	0.000731271604667441	9.95908343841683e-05	0.752371013176335	0.102319854394436	0.144478269990178
ENSG00000067057_PFKP	7805	0.265801741233963	0.0639041294164526	0.503703770215798	0.121055066870807	0.0455352922629788
ENSG00000078114_NEBL	5794	0.52219660548609	0.0604531144658934	0.366379627392639	0.0424060917582899	0.00856456089708813
ENSG00000089876_DHX32	5560	0.0993461156476514	0.0203016693553985	0.725193350782445	0.148188412229459	0.00697045198504619
ENSG00000095787_WAC	6579	0.328323171191716	0.252867413861216	0.22400026952567	0.172497857342043	0.0223112880793549
ENSG00000107951_PAPD1	6155	0.409408819974072	0.0854928197456968	0.409860479348963	0.0855774749275361	0.00966040600373238
ENSG00000119979_FAM45A	5354	0.18875989110503	0.0245162862697886	0.685101461942818	0.088968874668689	0.0126534860136749
ENSG00000120616_EPC1	5172	0.508391473534643	0.0834473793793607	0.340351387186148	0.055853322205455	0.0119564376943937
ENSG00000127884_ECHS1	4013	0.604000541508517	0.0725438492329155	0.279851445420508	0.0336017241549569	0.0100024396831022
ENSG00000134463_ECHDC3	6107	0.00636501655942344	0.502975575298223	0.0053744648904195	0.424639674823703	0.0606452684282309
ENSG00000138185_ENTPD1	5632	0.0377267372574218	0.00707426943287605	0.799656533664518	0.149940727692271	0.00560173195291281
ENSG00000148484_RSU1	5767	0.459223889891106	0.0457334983111173	0.444479472671368	0.0442588170276693	0.00630432209873948
ENSG00000151640_DPYSL4	7000	0.170507261316304	0.0316368741994032	0.667199884651956	0.123789144276446	0.00686683555589106
ENSG00000151893_C10orf46	5018	0.535009738094676	0.0564119648554419	0.363398463747409	0.0383102298917254	0.00686960341074829
ENSG00000156398_SFXN2	3395	0.474436223988371	0.0352135847833571	0.451087376069883	0.0334747995930407	0.00578801556534813
ENSG00000165730_STOX1	6015	0.192169433593179	0.0208423893441776	0.702936682621953	0.0762315681468748	0.00781992629381559
ENSG00000165983_PTER	5808	2.07539047717641e-09	2.32082176149128e-10	0.874000402968468	0.0977074919372864	0.028292102786774
ENSG00000166169_POLL	3362	0.273770066748268	0.0226075797625832	0.643839283155342	0.0531607970911348	0.00662227324267149
ENSG00000173915_USMG5	4073	9.19636770697361e-10	7.55515436762738e-11	0.917297310455353	0.0753519977206571	0.0073506908288013
ENSG00000183605_SFXN4	5397	0.562963905687082	0.0730993998857667	0.315806402142492	0.0409995096849171	0.00713078259974217
ENSG00000188690_UROS	5481	0.0101772100893789	0.00207212383458114	0.816109790726139	0.166157987665359	0.00548288768454248
ENSG00000197771_C10orf119	5730	0.114281246402344	0.0148919365174961	0.749387562372914	0.0976285369523852	0.0238107177548609
ENSG00000205703_C10orf139	6151	0.543326718294668	0.0752207650631798	0.328419346763916	0.0454603817469769	0.00757278813125974
ENSG00000014138_POLA2	3138	0.56370253175203	0.0473405309042658	0.351182997645466	0.0294845523449972	0.00828938735324094
ENSG00000066336_SPI1	2898	1.82407474838968e-07	0.0293373723652303	1.24593920051886e-06	0.19961867452125	0.771042524766845
ENSG00000074319_TSG101	5430	0.00524713525615232	0.000583833538396687	0.888982925915702	0.0989082768522429	0.00627782843750662
ENSG00000078124_PHCA	4441	0.00045040717860184	0.000391544126418382	0.53199184309183	0.462461906716724	0.00470429888642528
ENSG00000099834_MUPCDH	4879	0.272407826381467	0.249803148881779	0.221341393192758	0.202920733173008	0.0535268983709883
ENSG00000110074_FOXRED1	5940	0.0107153383388688	0.00164796754860989	0.766327659432768	0.117753956687772	0.103555077991982
ENSG00000110076_NRXN2	2994	0.68577470871014	0.0905408751203303	0.190133805576131	0.0250943667798012	0.00845624381359752
ENSG00000110080_ST3GAL4	5963	0.530318631559853	0.0812893701286555	0.32965141015462	0.050522073839682	0.00821851431719011
ENSG00000110315_RNF141	6627	0.476609334088617	0.0908030151577804	0.355372744235071	0.0676956522005057	0.00951925431802604
ENSG00000110455_ILMN_3829	5634	0.392524808743376	0.0569643688236999	0.473500732091709	0.0687075333350333	0.00830255700618175
ENSG00000110768_GTF2H1	5440	0.131456465647841	0.0154487301115763	0.733154649172666	0.0861263324227128	0.0338138226452032
ENSG00000120451_SNX19	5427	0.20098707895838	0.0786121409044049	0.507126414063597	0.19833758082594	0.0149367852476787
ENSG00000131626_PPFIA1	5273	0.00986485839020996	0.00195014102534981	0.820376844706272	0.162171099580536	0.00563705629763237
ENSG00000134627_PIWIL4	4633	0.55923699384221	0.103270710380389	0.275313743840127	0.0508290745591556	0.0113494773781188
ENSG00000134809_TIMM10	5302	0.00429910094574348	0.000876345533468298	0.665747225383401	0.135514953137133	0.193562375000254
ENSG00000149084_HSD17B12	6225	3.00162579901088e-05	3.89482447914265e-06	0.879800292020046	0.114154378435787	0.00601141846169796
ENSG00000149089_APIP	5685	2.76104093818143e-05	4.13593979526828e-06	0.865181739071007	0.129595915102349	0.00519059947746613
ENSG00000159063_ALG8	4163	0.182344535454465	0.0282165260180409	0.677374222399213	0.104811612581905	0.00725310354637606
ENSG00000165434_PGM2L1	4217	0.618825317201401	0.0511342905133802	0.299023384951388	0.0247023522519999	0.00631465508183079
ENSG00000165526_RPUSD4	5917	0.446967844758759	0.0689656607960203	0.411974255923264	0.0635577312182127	0.00853450730374408
ENSG00000166435_XRRA1	4289	0.000973330851391022	8.88997884725186e-05	0.900225995245583	0.0822062046635818	0.0165055694509719
ENSG00000166439_RNF169	4406	0.0106577652332195	0.000986361150418798	0.891715141955536	0.0825128516525881	0.0141278800082373
ENSG00000166788_SAAL1	5259	0.369393141938543	0.0425414732283547	0.521117408336113	0.0600079865439255	0.00693998995306388
ENSG00000166796_LDHC	5404	0.0794044285281686	0.00898058935537083	0.81102521729951	0.0917175537379912	0.00887221107895914
ENSG00000168000_BSCL2	4448	0.552675778643059	0.111056975593083	0.270670815561518	0.0543785044380039	0.0112179257643363
ENSG00000168002_POLR2G	4376	0.574676638900274	0.115970821454752	0.247214539439626	0.0498760949091291	0.0122619052962197
ENSG00000168071_CCDC88B	3174	0.350708137844439	0.048219981580956	0.517217337015834	0.0711011095563032	0.0127534340024677
ENSG00000172890_NADSYN1	5273	0.226456626455023	0.0247069826230354	0.669158660285857	0.0730002008758047	0.00667752976028011
ENSG00000173113_ILMN_22312	3213	0.588129326481272	0.0837812096550681	0.279549035049619	0.0398140732563741	0.00872635555766623
ENSG00000173715_C11orf80	2830	0.648919604769237	0.0512158402614579	0.271618119550052	0.021430585826598	0.006815849592655
ENSG00000173992_CCS	2609	0.387534162308283	0.0273288989725326	0.538714247624218	0.0379816736105894	0.00844101748437731
ENSG00000175390_EIF3F	6512	0.516578070141537	0.0854980736394799	0.334105288342336	0.0552887431280233	0.00852982474862458
ENSG00000175567_UCP2	3966	0.310888744001	0.0243024845606999	0.610248770585762	0.0476968946255064	0.00686310622703245
ENSG00000175575_PAAF1	3926	0.342305527872709	0.0269784758259936	0.577967396146951	0.0455447319186773	0.00720386823566949
ENSG00000175581_MRPL48	3899	0.482006809902905	0.0391875501351	0.436703470038203	0.0354977469153918	0.00660442300840096
ENSG00000176148_TCP11L1	4914	0.0635409753566641	0.00831575404277185	0.81484809286643	0.106634389092382	0.00666078864175092
ENSG00000177042_TMEM80	5403	0.285055178371945	0.264649327390266	0.221703059598161	0.205809526254085	0.0227829083855429
ENSG00000177685_EFCAB4A	5794	0.286223153308422	0.275695697013798	0.208264684815241	0.200575345825842	0.0292411190366962
ENSG00000177697_CD151	5811	0.000154641636553232	0.000148978594343608	0.507332318209755	0.488749979818283	0.00361408174106529
ENSG00000179057_IGSF22	5247	0.574046429010164	0.0532886944813469	0.335931902270978	0.0311789837088407	0.00555399052867084
ENSG00000182919_C11orf54	5116	0.138504723942711	0.0111723462080061	0.78056072973555	0.0629563513688135	0.00680584874491897
ENSG00000184524_CEND1	5699	0.236393191431727	0.226878287789593	0.261573194804654	0.251020653078841	0.0241346728951853
ENSG00000185187_SIGIRR	4172	0.330409139651107	0.297012178543232	0.183102114795863	0.164569686564573	0.0249068804452258
ENSG00000196655_TRAPPC4	4578	0.000172557599694416	2.1146771370496e-05	0.882771065701825	0.108173901598047	0.00886132832906395
ENSG00000197345_MRPL21	4674	0.000434862562900026	8.16322203515194e-05	0.836258742594279	0.156975896230413	0.00624886639205636
ENSG00000202477_SNORD25	4414	0.50202713911467	0.106335448640889	0.31287124135318	0.066257422145415	0.0125087487458449
ENSG00000205339_IPO7	5252	0.340157078022825	0.0357931583851339	0.558169693317339	0.0587264654479231	0.00715360482677923
ENSG00000213931_HBE1	8993	0.423876093979913	0.102809366975954	0.373028484310448	0.0904666733499427	0.00981938138374313
ENSG00000010626_LRRC23	5436	0.000146533987578288	0.000162957565519703	0.469358329638148	0.521955790548526	0.00837638826022688
ENSG00000076067_RBMS2	2794	0.276290240602915	0.0219103609230724	0.643390092614093	0.0510147085096643	0.0073945973502555
ENSG00000089127_OAS1	4137	0.00108329582185745	0.000697534740032832	0.467056132892085	0.30050702954875	0.230656006997274
ENSG00000089163_SIRT4	4965	0.507534941166008	0.0502042948610297	0.396300340726808	0.0391944348464951	0.00676598839965897
ENSG00000110906_KCTD10	3919	1.50955225318174e-05	1.6710314443114e-06	0.893965337621626	0.0989523567758505	0.00706553904854726
ENSG00000110931_CAMKK2	5060	0.286925106279474	0.0427596952992007	0.576989955174164	0.0859799529069653	0.00734529034019651
ENSG00000111321_LTBR	5089	0.29342066971944	0.325413834025721	0.162476639673599	0.18015376801795	0.0385350885632901
ENSG00000111358_GTF2H3	4779	0.567715485729925	0.0811190902451016	0.299937393290298	0.0428487367893225	0.00837929394535273
ENSG00000111364_DDX55	4713	0.288651488502289	0.0410645329076829	0.578532765190975	0.0822945629741585	0.00945665042489425
ENSG00000111371_SLC38A1	3869	0.0145335221915581	0.00352750542934548	0.784807975443465	0.190478100756897	0.00665289617873484
ENSG00000111581_NUP107	5265	0.453284723342514	0.0920298404682842	0.369019579910782	0.0749108369073015	0.0107550193711184
ENSG00000111666_CHPT1	4806	0.0401880625171451	0.00426198716150379	0.855995483081036	0.0907704556604048	0.00878401157990987
ENSG00000111711_GOLT1B	5832	0.54546260559243	0.0712700650825133	0.332630596816142	0.0434542831772144	0.00718244933170072
ENSG00000111725_PRKAB1	4781	0.610284265835534	0.0572461105916089	0.298681733079364	0.0280112778663138	0.0057766126271791
ENSG00000111780_ILMN_16367	4944	0.408060504128264	0.0478086785372713	0.479467935144326	0.0561663308292353	0.00849655136090383
ENSG00000123297_TSFM	4047	0.190597023144492	0.0353740244005838	0.64522969240567	0.119742923555848	0.00905633649340642
ENSG00000123427_FAM119B	4051	0.00132211831752955	0.000244569811166803	0.835608229874311	0.154565309234021	0.00825977276297231
ENSG00000127337_YEATS4	5551	0.0966566869767872	0.0129135000666796	0.780371415220019	0.104253161604918	0.00580523613159597
ENSG00000134545_KLRC1	6150	0.549552007933599	0.0667094035003744	0.336267918923415	0.0408124671283929	0.00665820251421828
ENSG00000135426_KIAA0748	4556	0.503997339561724	0.073271942978528	0.360390862506313	0.0523842470092923	0.00995560794414221
ENSG00000136026_CKAP4	4764	0.518783075630611	0.158907089807482	0.234424748905749	0.0717899378114625	0.0160951478446951
ENSG00000136048_ILMN_20048	4702	0.60739989791641	0.0615113046197619	0.295093418164907	0.0298779526864951	0.00611742661242606
ENSG00000139187_KLRG1	5650	0.24954725683544	0.0272110901678538	0.646342510951918	0.0704719445861575	0.00642719745862985
ENSG00000139190_VAMP1	5025	0.0774298925755312	0.085758875192339	0.390019022371679	0.43195777394118	0.0148344359192706
ENSG00000139192_TAPBPL	5036	0.0174205637564603	0.0192994695027276	0.452999191083249	0.501849269271482	0.00843150638608096
ENSG00000139197_PEX5	5191	0.0272164117094928	0.0307869884049617	0.438972982145228	0.496556277802649	0.00646733993766931
ENSG00000150045_KLRF1	5981	0.549852240586529	0.0699690902383693	0.331332809679522	0.0421556464078735	0.00669021308770596
ENSG00000155957_TMBIM4	4161	0.607764453206295	0.0488192911041564	0.3127719319305	0.0251181939455716	0.005526129813477
ENSG00000157895_C12orf43	4866	0.407533491593447	0.0596103311920118	0.457434031768345	0.066900811751033	0.00852133369516346
ENSG00000165714_LOH12CR1	5421	0.475416854204266	0.0543875157280269	0.415634121536739	0.0475413726530568	0.0070201358779109
ENSG00000166888_STAT6	3086	0.211667561384833	0.016035740656569	0.711703704659269	0.0539113394050148	0.00668165389431348
ENSG00000166896_XRCC6BP1	4111	0.270758911828043	0.0602564951648642	0.538349698776671	0.119797096879031	0.0108377973513907
ENSG00000171840_NINJ2	4477	0.633732784478329	0.0634549412526084	0.269667426543745	0.0269953424929468	0.00614950523237034
ENSG00000176422_SPRYD4	2930	0.00250340324429763	0.000207120792636235	0.655763710358815	0.0539675042344461	0.287558261369805
ENSG00000177627_C12orf54	4980	0.350143878872578	0.0776320836524942	0.455855777211615	0.101054663533567	0.0153135967297458
ENSG00000184752_NDUFA12	7033	0.234966101983181	0.045874194595537	0.5489299507257	0.107108590699282	0.0631211619962997
ENSG00000185163_DDX51	6056	0.415693721304464	0.143720823794376	0.315463593596746	0.109051459910548	0.0160704013938652
ENSG00000185480_C12orf48	4618	0.461698577597975	0.0544758647201019	0.424556468233275	0.0500842784390743	0.00918481100957338
ENSG00000186081_KRT5	5136	0.552387382812976	0.080626546624004	0.313071256028464	0.0456877011539758	0.00822711338057998
ENSG00000186611_ILMN_34849	5634	0.503007432515397	0.0613445306041489	0.380461223378394	0.0463905482623651	0.00879626523969461
ENSG00000032742_IFT88	5822	0.33287327113697	0.0400425390226156	0.55382258398771	0.0666146902533093	0.00664691559939493
ENSG00000102796_DHRS12	3795	0.262700841365991	0.0676693836351838	0.522223349747409	0.134507157895594	0.0128992673558212
ENSG00000122034_GTF3A	6211	0.377914827803685	0.122873858904547	0.365978967349363	0.11897882292615	0.0142535230162546
ENSG00000136111_TBC1D4	6017	0.0170436910945733	0.00232077502844858	0.858351459995069	0.116873064605856	0.00541100927605248
ENSG00000139617_ILMN_28859	4752	0.00133822153780467	0.00013752245154167	0.897705340099991	0.0922441918358812	0.00857472407478089
ENSG00000151287_C13orf27	5778	0.454669751692179	0.0691881497877504	0.406312295466659	0.06182147528033	0.00800832777308203
ENSG00000169062_UPF3A	2890	0.704840261966642	0.0380452339930036	0.239989444575858	0.0129497591830634	0.00417530028143223
ENSG00000174032_SLC25A30	4439	0.50755088508154	0.107410196281046	0.303153209641093	0.0641368940156541	0.0177488149806666
ENSG00000089916_C14orf118	4844	0.0457335768329082	0.00901355189552659	0.780015935128953	0.153720480854037	0.0115164552885745
ENSG00000092020_PPP2R3C	5452	0.242290971337935	0.0363355192757046	0.620940214681433	0.0931128854945781	0.00732040921034865
ENSG00000092094_OSGEP	5503	0.0633980490749272	0.00973588928190649	0.792550664259379	0.121697523528309	0.012617873855478
ENSG00000092203_TOX4	7124	0.37204060358452	0.05832388900942	0.483806279557792	0.0758351246260798	0.00999410322218882
ENSG00000100439_ABHD4	6399	0.511376016896685	0.0622606339296158	0.374224103260789	0.0455556428818022	0.00658360303110819
ENSG00000100445_C14orf124	5900	0.252951170204463	0.0253034752325809	0.648533001718148	0.0648663835416219	0.008345969303187
ENSG00000100490_CDKL1	4531	0.0650067684911853	0.00839419910197396	0.80503430346893	0.103934902872948	0.017629826064963
ENSG00000100744_C14orf129	6146	0.114952573756881	0.0139009734492333	0.757148582894949	0.0915379288694676	0.0224599410294692
ENSG00000100814_CCNB1IP1	5230	0.361566765884885	0.0534671464525076	0.498636181112908	0.0737238549221422	0.012606051627557
ENSG00000100908_C14orf122	5484	0.492967480365738	0.0477319234717778	0.413667310888701	0.0400480434711227	0.00558524180266028
ENSG00000100931_CHMP4A	5570	0.570832049675264	0.0543444136572628	0.337079134190638	0.0320849842555335	0.00565941822130187
ENSG00000119599_WDR21A	5673	0.383414619234012	0.0470489822354883	0.500394361992893	0.0613958734881171	0.007746163049489
ENSG00000119632_FAM14A	6505	0.543332422826467	0.0604458967655694	0.350948474694966	0.0390368878916486	0.00623631782134869
ENSG00000119684_MLH3	3856	0.000231007058366024	0.000847540299881288	0.212733972120337	0.780492597251713	0.00569488326970193
ENSG00000119718_EIF2B2	3903	0.00126367837017261	0.00463696480163238	0.211601065206769	0.776446813832934	0.00605147778849298
ENSG00000125375_ATP5S	4541	0.557699793544823	0.0720664723519022	0.320095847286462	0.0413542916568564	0.00878359515995618
ENSG00000129514_FOXA1	4694	0.609707310272264	0.0809808393338797	0.266153845317916	0.0353425262715017	0.00781547880443857
ENSG00000134007_ADAM20	5192	0.57883564088359	0.067510684747286	0.310639874357789	0.0362237201833139	0.00679007982802128
ENSG00000139998_RAB15	4814	0.534997356471047	0.0494059609251579	0.375031359879884	0.0346274757350035	0.0059378469889075
ENSG00000140092_FBLN5	5492	0.00270375090847318	0.493203431281122	0.00235313112377682	0.429172723667882	0.0725669630187459
ENSG00000140104_C14orf79	4451	0.393148501226689	0.255802018048056	0.199195257137773	0.129584096430154	0.0222701271573277
ENSG00000155465_SLC7A7	6267	0.488556813094072	0.0589990844663396	0.397697381768018	0.0480199935848773	0.00672672708669246
ENSG00000157326_DHRS4	5312	0.534607847649768	0.048164757180723	0.37754744697728	0.0340089458571159	0.0056710023351127
ENSG00000165501_PPIL5	4361	0.53852378960034	0.0481247910529219	0.374088515546489	0.0334243124876829	0.00583859131256612
ENSG00000165819_METTL3	7072	0.416594942855966	0.0650831988989382	0.44109080233187	0.0689017737158187	0.00832928219740629
ENSG00000166166_C14orf172	5110	0.38229020282105	0.0870749114641545	0.396573445856718	0.0902844538506391	0.0437769860074379
ENSG00000177465_ACOT4	5313	0.498412933928028	0.0468563358770382	0.409805800825882	0.0385198789617747	0.0064050504072775
ENSG00000182512_GLRX5	6899	0.30016978695173	0.0389228383439926	0.578992882955111	0.0750708202547821	0.00684367149438434
ENSG00000183648_NDUFB1	5762	0.00218068122463233	0.397796784449387	0.00309437736179145	0.564439452673181	0.0324887042910082
ENSG00000184990_SIVA1	4975	0.236563478006008	0.154916765605345	0.358515740712656	0.23476359965666	0.0152404160193303
ENSG00000187630_DHRS4L2	5374	0.558740582535137	0.0508790465464633	0.352685540034561	0.0321100419770343	0.00558478890680431
ENSG00000197195_CHURC1	4841	4.96357260028265e-09	4.67503969877658e-10	0.908356311499738	0.0855492536812393	0.00609442938794742
ENSG00000198805_NP	5515	0.444570080191903	0.0683903608353674	0.415108083884549	0.0638499982893601	0.00808147679882027
ENSG00000198894_KIAA1737	6417	0.268114740641999	0.0614328273197323	0.53720160268558	0.123078223110622	0.0101726062420669
ENSG00000205659_LIN52	4595	6.61745319183268e-05	0.000242236006608439	0.213807389404474	0.78265206880291	0.0032321312540882
ENSG00000051180_RAD51	3917	0.000503719118054839	0.000128240830594147	0.790819416574411	0.201325891689414	0.00722273178752566
ENSG00000064726_BTBD1	2658	0.649964713534903	0.06179174479562	0.255913330752216	0.0243215139591804	0.0080086969580813
ENSG00000074696_PTPLAD1	4095	0.0763828057440425	0.00586459724788363	0.820651178317908	0.0629746694707471	0.0341267492194191
ENSG00000103657_HERC1	4537	0.433237735095629	0.179858416264342	0.259912382044239	0.10788337965839	0.0191080869373992
ENSG00000103671_TRIP4	3785	0.406898710164341	0.139295470453957	0.318864179324508	0.109132403262781	0.0258092367944122
ENSG00000103811_CTSH	5837	0.258507002036056	0.0329107696403836	0.616197352698659	0.0784347145480176	0.0139501610768838
ENSG00000103932_RPAP1	3988	0.145017965311309	0.0135702246712951	0.760708182963711	0.0711746234560649	0.00952900359762024
ENSG00000104047_DTWD1	4529	0.0561340347197955	0.0777355692779432	0.358746013612037	0.496788284180568	0.0105960982096566
ENSG00000104055_TGM5	2289	0.132563888474187	0.00496410994629123	0.822660233185799	0.0307970810977644	0.0090146872959584
ENSG00000136371_MTHFS	5931	0.412621835983558	0.0590531783288716	0.454276786407266	0.0650056652174775	0.00904253406282721
ENSG00000137806_NDUFAF1	4053	0.148234343157513	0.014319119465951	0.753201119452404	0.0727461126056185	0.0114993053185138
ENSG00000140264_SERF2	2178	0.662953984996877	0.0207660676136375	0.303030331909978	0.0094882222192302	0.00376139326027756
ENSG00000140400_MAN2C1	3094	0.313644908603985	0.0203008873816224	0.606857346719457	0.0392593312090462	0.0199375260858892
ENSG00000140471_LINS1	7177	0.380859857134312	0.059030530736635	0.475237692285308	0.0736471897132749	0.0112247301304707
ENSG00000166140_ZFYVE19	3733	0.163816036701037	0.0337435518545089	0.65775671125327	0.135478431600147	0.00920526859103689
ENSG00000166762_CATSPER2	2077	0.410110357502954	0.0118801084875127	0.556109879291675	0.0161036378857611	0.00579601683209767
ENSG00000166938_DIS3L	5239	0.129476117619625	0.0139061706158756	0.766111148397	0.0822746828082446	0.00823188055925512
ENSG00000168803_ADAL	2236	0.655399009896511	0.0229584679317414	0.306815710178055	0.0107435964982558	0.00408321549543643
ENSG00000168970_PLA2G4B	3697	0.137107550974924	0.00933559422463534	0.782749015475546	0.0532795157579003	0.0175283235669954
ENSG00000169118_CSNK1G1	3788	0.478039893092433	0.174488713301167	0.238378705594081	0.0869881936387706	0.0221044943735485
ENSG00000171763_SPATA5L1	3915	0.331179840246825	0.0295391579736479	0.580449078819201	0.0517653390737768	0.0070665838865484
ENSG00000172345_STARD5	4531	0.408072192162376	0.260918369759686	0.188237411445228	0.120335184837383	0.0224368417953272
ENSG00000188659_ILMN_4387	2803	0.464602262511468	0.275454055348092	0.147439783044769	0.087389195204516	0.0251147038911556
ENSG00000047578_KIAA0556	4589	0.613773305154608	0.066508031964883	0.282194512796085	0.0305714408437813	0.00695270924064221
ENSG00000063854_HAGH	5770	0.123720880394955	0.0144857345047928	0.765672280384829	0.0896414871276132	0.00647961758780938
ENSG00000070761_C16orf80	6049	0.515161386952685	0.0677108964390108	0.360752351921416	0.0474069788488178	0.00896838583807003
ENSG00000086504_MRPL28	4457	0.464762118758083	0.0827962649482965	0.373852263120871	0.0665888901422294	0.0120004630305199
ENSG00000090857_ILMN_138245	2966	0.231404985552441	0.490715836387446	0.0716970831602028	0.151986150314618	0.0541959445852916
ENSG00000090857_ILMN_8209	2966	0.212643273807834	0.450929878237772	0.0861853479816647	0.182696516984818	0.0675449829879114
ENSG00000103042_ILMN_16502	5740	0.396840060128671	0.0491328345328382	0.475853467527897	0.0588962203635601	0.0192774174470335
ENSG00000103111_MON1B	8615	0.0453274565997359	0.0135778912534054	0.719371677943773	0.215482364898669	0.00624060930441661
ENSG00000103126_AXIN1	4200	0.539594562080772	0.0915834467030785	0.303639979942829	0.05152206311915	0.0136599481541708
ENSG00000103174_NAGPA	7076	0.365075513491645	0.0669754831657366	0.468843023122374	0.0859992025722212	0.013106777648023
ENSG00000103202_DECR2	4531	0.330652426334289	0.05942872545504	0.478183338215158	0.0858988716434277	0.0458366383520853
ENSG00000103248_MTHFSD	7677	0.440484446244376	0.10058033985304	0.364931055255726	0.0833177713448602	0.0106863873019985
ENSG00000103275_UBE2I	6711	0.0574753776133521	0.0103102578862655	0.717821169205557	0.128681103857426	0.0857120914373991
ENSG00000103540_ILMN_12815	5035	0.0110571550283735	0.285471713986933	0.0251374744834483	0.648965595623589	0.0293680608776569
ENSG00000118894_FAM86B1	7269	0.20312808623288	0.0370850704222264	0.636617274610277	0.116220190347928	0.00694937838668757
ENSG00000125124_BBS2	5747	5.1239642141405e-05	7.26235374426158e-06	0.840290190529108	0.11905634554	0.0405949619350058
ENSG00000125170_DOK4	5852	0.503667599968975	0.0627604154192955	0.37916661320221	0.0472395782085253	0.00716579320099465
ENSG00000127561_SYNGR3	5411	0.0762884439293805	0.00833454001031941	0.815116633815246	0.0890405663746937	0.0112198158703605
ENSG00000127586_CHTF18	5591	0.379949927651768	0.0735734041629277	0.449970517420152	0.0871227894071989	0.0093833613579533
ENSG00000129925_TMEM8	4475	0.17670994917502	0.0315775723614963	0.659778590788855	0.117886536574518	0.0140473511001109
ENSG00000130731_C16orf13	5328	0.504991938970362	0.0963379598729083	0.322782320125494	0.061563272685258	0.0143245083459781
ENSG00000131148_COX4NB	8267	0.435183132787076	0.0918097067537878	0.381593974645987	0.0804931902784303	0.0109199955347193
ENSG00000132603_NIP7	3679	0.107884975848096	0.0177535370230262	0.744248621836068	0.122465805413309	0.007647059879501
ENSG00000135698_MPHOSPH6	8915	0.0802832951134416	0.0775870704674566	0.423355700729766	0.409128127361885	0.00964580632745076
ENSG00000140829_DHX38	3686	0.0752284623056965	0.0152047759526452	0.750216589033135	0.151622051387581	0.00772812132094201
ENSG00000141076_CIRH1A	3893	0.572522445005435	0.0902519152573052	0.282517750775764	0.0445256579340803	0.0101822310274153
ENSG00000153406_NMRAL1	5646	0.517078863356424	0.0796555082082963	0.341872984438995	0.0526564726546552	0.00873617134163055
ENSG00000155393_HEATR3	4243	0.265210287770444	0.0239484060873749	0.644404004935391	0.0581812241435577	0.00825607706323197
ENSG00000159461_AMFR	5900	0.000103093416823716	1.84883845292961e-05	0.833281737894261	0.149420427680639	0.0171762526237467
ENSG00000161981_C16orf33	3372	0.228753225149024	0.034183783437574	0.634790614900561	0.0948526413364384	0.00741973517640252
ENSG00000162076_FLYWCH2	4079	0.442505441867776	0.0341595868604136	0.480726528974749	0.0371045925895696	0.00550384970749164
ENSG00000166451_CENPN	7876	0.00626318778303397	0.00597666405664268	0.503184807676577	0.480161063442749	0.00441427704099643
ENSG00000166501_PRKCB1	5344	0.413302855280887	0.0823686314514458	0.412074607274793	0.0821137092357592	0.0101401967571143
ENSG00000167515_TRAPPC2L	7175	0.443351213934088	0.0625930766425595	0.426700461987893	0.0602351751582361	0.00712007227722279
ENSG00000167526_RPL13	5281	0.326187007655975	0.0759397188745813	0.459994066590037	0.107060571521006	0.0308186353584018
ENSG00000168748_CA7	3229	0.699461342060591	0.0520642046868625	0.226472219889863	0.0168522448426192	0.00514998852006421
ENSG00000168807_SNTB2	3855	0.375689067454656	0.0591949336912612	0.480658181034147	0.0757255160948235	0.00873230172511194
ENSG00000169682_SPNS1	2628	0.0433102741298686	0.00308762463122349	0.859758888469513	0.0612603268054356	0.0325828859639593
ENSG00000171490_RSL1D1	7482	0.374961017142387	0.179428475670045	0.289336357982215	0.138437040318965	0.0178371088863877
ENSG00000174177_ILMN_138331	7163	0.2243618548579	0.0310795356058346	0.647703326920313	0.0897154140110954	0.00713986860485757
ENSG00000175643_C16orf75	6538	0.172842667166077	0.0763794160794486	0.50904315308812	0.22493007578784	0.0168046878785133
ENSG00000178952_TUFM	2893	0.458066659076694	0.0356811831329134	0.460607594144165	0.0358693344886201	0.0097752291576071
ENSG00000180185_FAHD1	5687	2.57260343796648e-05	2.97047200029831e-06	0.890176919801962	0.102777795737169	0.00701658795448946
ENSG00000182108_ILMN_32084	7209	0.226336248122378	0.100147562877029	0.449799210614328	0.198999057991451	0.0247179203948136
ENSG00000186153_WWOX	10565	0.09266401989949	0.142969182000663	0.293557624911484	0.452905394273292	0.0179037789150713
ENSG00000187741_FANCA	4621	8.08179738002621e-08	1.81258600429036e-08	0.812575849392152	0.182239375881091	0.00518467578292234
ENSG00000197912_SPG7	5532	0.00243011511280386	0.000573026131152802	0.801961830568295	0.189098308870327	0.00593671931742091
ENSG00000002919_SNX11	4654	0.0530815625553345	0.0377468720416056	0.526419818337113	0.374334397110756	0.00841734995519116
ENSG00000005156_LIG3	5063	0.2811960814081	0.047617511282875	0.538185157652897	0.0910939210530884	0.0419073286030393
ENSG00000006282_SPATA20	4139	0.00951602100723265	0.00138354526421503	0.856866649812509	0.124573169388984	0.00766061452705895
ENSG00000007312_CD79B	2795	0.0525906516217062	0.0166519217916978	0.70135051488679	0.222063187107954	0.00734372459185278
ENSG00000011052_NME1	4390	0.569759424557101	0.077310120165538	0.303469740547174	0.0411692320423405	0.00829148268784699
ENSG00000011295_TTC19	4605	0.100127048460719	0.0131317092738773	0.778186754741827	0.102053055712338	0.00650143181123964
ENSG00000012048_BRCA1	3339	3.40314523204956e-05	5.11400166238728e-06	0.862858904374291	0.129656779259446	0.007445170912279
ENSG00000035862_TIMP2	6266	0.512103320713803	0.0813653666872473	0.34315526168307	0.0545132474194624	0.00886280349641759
ENSG00000055483_USP36	6348	3.76947380624779e-05	5.96518932968914e-06	0.855716599247689	0.135408252950001	0.00883148787491707
ENSG00000068097_HEATR6	2310	0.607315084845155	0.062605954480635	0.292569199815099	0.0301525621959457	0.00735719866316561
ENSG00000073584_SMARCE1	4471	0.0523049798453826	0.010639719931734	0.773847100637433	0.157407823433771	0.00580037615168027
ENSG00000091640_SPAG7	6330	0.234016166455663	0.358774228799676	0.147882867921771	0.226689142763666	0.0326375940592233
ENSG00000108262_GIT1	2471	0.584363286004474	0.0618579844569419	0.250565451974367	0.0264469291075894	0.0767663484566274
ENSG00000108278_ZNHIT3	3800	0.243690925482078	0.0211024519610511	0.666202250694084	0.0576785572362298	0.0113258146265568
ENSG00000108352_RAPGEFL1	3924	0.156762605210908	0.0179581727558016	0.731756417786181	0.0838177367391071	0.00970506750800278
ENSG00000108384_RAD51C	3318	0.0140851211263192	0.0637649370429852	0.163655038337768	0.740867248149922	0.0176276553430057
ENSG00000108395_TRIM37	2912	0.11200329435543	0.504856849610457	0.0614367357144261	0.276882362693847	0.0448207576258402
ENSG00000108433_GOSR2	4870	0.101653337904513	0.094145421449423	0.410618761146139	0.380277959102013	0.0133045203979125
ENSG00000108559_NUP88	6654	0.137402995345243	0.209182332681402	0.236603399827373	0.360148374641028	0.0566628975049539
ENSG00000108592_FTSJ3	2857	0.0227004605363146	0.00726785004061446	0.730476413112893	0.233865910737759	0.0056893655724191
ENSG00000108639_SYNGR2	6576	0.421825760966114	0.0744681700180068	0.420705671959154	0.0742616933230831	0.00873870373364239
ENSG00000108651_UTP6	3687	0.373429444183869	0.0391768304123033	0.517735439310597	0.0543007490802347	0.0153575370129961
ENSG00000108666_C17orf75	4387	0.099330795514295	0.0155677295194	0.751408943840058	0.117749460252374	0.0159430708738731
ENSG00000108771_DHX58	3702	0.280993060458676	0.0597518362561028	0.536494387127435	0.114074290284048	0.00868642587373927
ENSG00000108826_MRPL27	4047	0.0196555649590193	0.00288320769401157	0.843477043328515	0.12371649906621	0.0102676849522437
ENSG00000108960_MMD	5240	0.529687963694026	0.0605870674363532	0.361289389587268	0.0413180892568039	0.00711749002554818
ENSG00000125319_C17orf53	4070	0.320132832363994	0.0448277863252122	0.549799989582468	0.0769795213347024	0.00825987039362312
ENSG00000125445_MRPS7	4838	0.170177758778368	0.406490970847184	0.111970288139179	0.267411159813912	0.0439498224213575
ENSG00000126581_BECN1	3218	0.608725863746403	0.09048212082862	0.253314007296796	0.0376432205216374	0.00983478760654352
ENSG00000132141_CCT6B	5041	0.396897752611715	0.0665964729398095	0.435861308725888	0.0731067283577886	0.0275377373647984
ENSG00000132507_EIF5A	5239	1.8259462778636e-05	1.91035460745901e-06	0.891327440751882	0.0932376839117781	0.0154147055189537
ENSG00000141560_ILMN_14939	4265	0.190017165513707	0.0196352276994779	0.709126959116054	0.073268950800013	0.0079516968707487
ENSG00000141696_ILMN_21605	4550	0.513670922099869	0.0850806077712353	0.333185057677112	0.0551733897292613	0.0128900227225225
ENSG00000141698_NT5C3L	4496	0.00030214772217453	4.96873252727714e-05	0.85293074891704	0.140255550542164	0.00646186549334801
ENSG00000141720_PIP4K2B	3733	0.529058601545444	0.0522226124003522	0.373639139946941	0.0368731747708397	0.0082064713364222
ENSG00000159199_ATP5G1	4251	1.46277735603152e-05	2.01542176585569e-06	0.868630052791293	0.119668587038218	0.0116847169751632
ENSG00000161326_DUSP14	3914	0.390264683831481	0.0364485928454953	0.517670623133597	0.0483403369016025	0.00727576328782484
ENSG00000161664_ASB16	4054	0.590604387926139	0.0823774152294436	0.277565680042202	0.0387040727555866	0.0107484440466293
ENSG00000166260_COX11	5048	0.0748649042255565	0.00829446789424073	0.8155947977968	0.0903508698080815	0.0108949602753215
ENSG00000166750_SLFN5	4946	6.2951752753388e-05	1.07919132741658e-05	0.843187033954293	0.144536613688503	0.012202608691177
ENSG00000167083_GNGT2	4331	0.351270268890293	0.0509656133898331	0.478933649714364	0.0694388326536993	0.0493916353518103
ENSG00000167720_SRR	5775	0.15607642386712	0.0313997824581343	0.662760730130927	0.133319150485382	0.016443913058437
ENSG00000167895_TMC8	6474	0.503446798711516	0.0886382243822871	0.33861919480967	0.0596085370569246	0.00968724503960186
ENSG00000168646_AXIN2	5071	0.369926224972417	0.0575320068449905	0.488164978541066	0.0759123786950091	0.00846441094651728
ENSG00000170291_C17orf81	5290	0.000178660125140235	1.78128875561808e-05	0.889411797963249	0.0886549746036647	0.0217367544203892
ENSG00000172057_ORMDL3	3543	0.0341711018893238	0.00424460355558393	0.833837738505701	0.103551939425081	0.0241946166243102
ENSG00000172301_C17orf79	3692	0.170588986669819	0.0179029296857076	0.721010887222499	0.0756536240618271	0.0148435723601481
ENSG00000176974_SHMT1	3191	0.0832216699440997	0.00919756279405567	0.804120718950329	0.0888558884836714	0.0146041598278444
ENSG00000177370_TIMM22	6459	0.000175433858409301	3.61851196036383e-05	0.821238051761471	0.169380008002099	0.00917032125841748
ENSG00000177602_GSG2	6276	0.263365285816059	0.043584435808234	0.583747785487219	0.0965919646320686	0.0127105282564197
ENSG00000181031_RPH3AL	3596	0.497558670708381	0.0545922187987821	0.396824847739809	0.0435321951853192	0.00749206756770872
ENSG00000182534_MXRA7	6070	0.453269905084488	0.0585154084799059	0.423744121210539	0.0546939662824021	0.00977659894266506
ENSG00000185262_FAM100B	5904	0.411212379476356	0.0443730413662054	0.485914344700141	0.0524278970515233	0.0060723374057738
ENSG00000185504_C17orf70	6629	0.374186996179543	0.0528022562220438	0.495696452808538	0.0699413194613157	0.00737297532855972
ENSG00000187607_ZNF286A	4991	0.388072802457069	0.0520168710483313	0.484995297021176	0.064998343786234	0.00991668568718892
ENSG00000187624_ILMN_7731	4473	6.48655372821937e-09	8.27950097653927e-10	0.856620366010623	0.109305792203381	0.0340738344714932
ENSG00000205309_NT5M	4249	0.573697991482908	0.0785713045169469	0.297401849213474	0.0407213198962041	0.00960753489046701
ENSG00000213246_SUPT4H1	3701	0.109260443303459	0.496800396118141	0.0629191892074226	0.286044639322573	0.0449753320484046
ENSG00000214087_ARL16	6663	0.0237128706570299	0.00326478250158019	0.845600348306351	0.116411047787309	0.0110109507477296
ENSG00000066926_FECH	5765	0.436276887834998	0.15530093305867	0.288999986765374	0.102858396694079	0.0165637956468784
ENSG00000082212_ME2	4862	0.444521311364103	0.0581733546919618	0.432155539391545	0.0565464747662869	0.00860331978610347
ENSG00000091164_TXNL1	4642	0.478106786611825	0.131669474509065	0.294909138464381	0.0812031654933236	0.0141114349214066
ENSG00000101557_USP14	3847	0.4368949341505	0.0826125895276791	0.391246277442199	0.0739655912131788	0.0152806076664437
ENSG00000101752_MIB1	2616	0.399836400043926	0.0223000580671876	0.540901157075703	0.0301608550669818	0.00680152974620151
ENSG00000132199_ENOSF1	5311	0.13748733376594	0.0285189391816727	0.684068784291243	0.141888060168027	0.00803688259311835
ENSG00000141428_C18orf21	4317	0.409669367218698	0.028843268095215	0.51870712403461	0.0365139371547259	0.00626630349675108
ENSG00000154889_MPPE1	6297	0.42102554796715	0.0715037551740926	0.426476534243164	0.0724209357168151	0.00857322689877815
ENSG00000158270_COLEC12	4157	0.565998995544883	0.109065702518354	0.260479144560436	0.050178993701611	0.0142771636747157
ENSG00000166401_SERPINB8	5836	0.209081272428357	0.0394613430658215	0.624306457678043	0.117820310549134	0.00933061627864426
ENSG00000167220_HDHD2	4593	0.566012252998461	0.0432050157899935	0.357846755761604	0.0273096387501854	0.00562633669975612
ENSG00000168461_RAB31	6897	0.47625077111751	0.0863486505550929	0.362963219957199	0.0657999368531108	0.00863742151708789
ENSG00000172466_ZNF24	4201	0.630586999089198	0.0611058496637593	0.275035268344045	0.0266451497607236	0.00662673314227511
ENSG00000176014_TUBB6	6075	0.330533430964026	0.0475974980169843	0.536286871911055	0.0772180551258413	0.00836414398209337
ENSG00000177150_C18orf19	5739	0.275889822144141	0.0667850313182579	0.519983419811159	0.125861626443385	0.0114801002830571
ENSG00000197563_PIGN	5311	0.071201372813535	0.0111781495377705	0.787730056609154	0.123662235219139	0.00622818582040168
ENSG00000198795_ZNF521	4810	0.572694439238967	0.0925147579940333	0.280434244929694	0.0452931160894285	0.00906344174787738
ENSG00000215429_ILMN_33941	5834	9.61484366991507e-06	1.81444567198264e-06	0.835412341233621	0.157646211198693	0.00693001827834449
ENSG00000064666_CNN2	6336	8.08471159950743e-05	0.468798467409347	5.83942705050815e-05	0.338411196195436	0.192651095008717
ENSG00000065000_AP3D1	6181	0.509362348302835	0.0683258861746764	0.365708692237823	0.0490486244426439	0.00755444884202139
ENSG00000065268_WDR18	6158	2.13005413538328e-07	0.00123512830441548	0.000172126425122446	0.998087835289416	0.000504696975632978
ENSG00000073050_XRCC1	6543	0.000558369633110153	0.000145366174200282	0.785916886924962	0.204597135267018	0.00878224200071004
ENSG00000076924_XAB2	6890	0.228552255367385	0.228419534851313	0.257890655868215	0.257713474435077	0.0274240794780096
ENSG00000083828_ZNF586	4897	0.349019511994399	0.027900408940339	0.571543327901783	0.04568297457705	0.005853776586429
ENSG00000095932_ILMN_32047	6456	0.520722052327623	0.0745350190511465	0.347494628671775	0.0497321071868249	0.00751619276263046
ENSG00000104946_TBC1D17	5076	0.558773306030792	0.0803752750089674	0.308432691181416	0.0443576272885254	0.00806110049029933
ENSG00000104953_TLE6	6774	0.489529966012736	0.0747486214266841	0.370754475766025	0.0566038729081243	0.00836306388643038
ENSG00000105053_VRK3	5144	0.299755100548659	0.0425279577572922	0.566141437321472	0.0803104345008482	0.0112650698717285
ENSG00000105132_ZNF550	5626	0.323635271743639	0.0294292843123074	0.586995873703148	0.0533710140672839	0.00656855617362126
ENSG00000105198_LGALS13	5350	0.567679743311056	0.0874098394391355	0.291341172423702	0.0448512323444423	0.00871801248166394
ENSG00000105404_RABAC1	3887	0.399903143366363	0.0251015638857329	0.53608118005056	0.0336440678315567	0.00527004486578702
ENSG00000105697_HAMP	5328	0.53333726166661	0.071902578015072	0.341262548478186	0.0460002706870886	0.00749734115304347
ENSG00000105698_USF2	5350	0.405479576491763	0.0548169447551068	0.462741687694588	0.062543814301446	0.0144179767570966
ENSG00000118046_STK11	6789	9.58258832533093e-05	0.555654830600355	6.60526813749902e-05	0.382951062927243	0.0612322279077741
ENSG00000121289_CCDC123	6137	0.0101040316969752	0.00162421905682415	0.831060475281698	0.133568996959268	0.0236422770052352
ENSG00000121406_ZNF549	5668	0.564470885065163	0.051555982678609	0.346693472801761	0.0316596494511328	0.00562001000333426
ENSG00000125656_CLPP	6338	0.297397145925211	0.282969815654887	0.199766569427132	0.190045672863855	0.0298207961289148
ENSG00000125753_VASP	5483	1.81004184697183e-204	0.00052401339393055	3.45221500761064e-201	0.999428172999401	4.78136066440765e-05
ENSG00000125910_EDG6	6657	0.453795697584023	0.0688139658660993	0.40775108569446	0.0618239063801412	0.00781534447527632
ENSG00000126246_TMEM149	5026	0.0142432163102188	0.00184805866490144	0.857179536876695	0.111203600486036	0.0155255876621486
ENSG00000129933_KIAA0892	4498	0.0248121426439759	0.141668997557417	0.12150350908902	0.693725921997913	0.0182894287116735
ENSG00000130312_MRPL34	5908	0.373937844363227	0.0526761354027157	0.495033122391351	0.0697260420925642	0.00862685575014195
ENSG00000141934_PPAP2C	4394	0.000106698814122422	0.618697180308022	5.10610403205538e-05	0.295994256730647	0.0851508031068889
ENSG00000141994_DUS3L	6188	0.0573834537316907	0.00824218987074336	0.807705521535688	0.116002955386203	0.0106658794756748
ENSG00000142046_BCKDHA	4153	0.594501979073244	0.0479789250290168	0.325262541046387	0.0262441054996913	0.00601244935166055
ENSG00000160113_NR2F6	5877	0.538686226265029	0.0764330261497128	0.330312621838213	0.0468596366026143	0.00770848914443065
ENSG00000161558_TMEM143	5971	0.443914962662829	0.0654714228138086	0.420945044491833	0.0620760796254967	0.00759249040603291
ENSG00000167766_ZNF83	8875	0.229984389314028	0.0533684351367851	0.575397132548851	0.133514564177767	0.00773547882256774
ENSG00000167807_ILMN_19980	5130	0.556968000674818	0.0835272628442174	0.305053122541752	0.045739431907256	0.00871218203195655
ENSG00000170866_LILRA3	8618	0.412988114994037	0.120863049533487	0.351418349721509	0.102832449942535	0.0118980358084312
ENSG00000170949_ZNF160	8739	0.243352290730941	0.0652967223068446	0.537916347850706	0.144325568381533	0.00910907072997617
ENSG00000175691_ZNF77	6871	0.502847873656441	0.0776734337605762	0.356297416476838	0.0550280619666893	0.00815321413945582
ENSG00000176232_ZNF283	6667	1.83166585644483e-33	0.539616708627544	1.42137032111909e-33	0.418700180600033	0.0416831107724273
ENSG00000178229_ZNF543	5673	0.264824011090717	0.0265459712378614	0.638405750855475	0.0639875855953002	0.00623668122064578
ENSG00000182013_ILMN_30225	4857	0.0447101678569359	0.404294948610104	0.050210249477118	0.453983035574291	0.0468015984815506
ENSG00000183617_MRPL54	6310	0.00167360788472593	0.000241393057102521	0.867434239366732	0.125108951728512	0.00554180796292789
ENSG00000186111_PIP5K1C	6288	0.42901373604537	0.0598774520032484	0.440940707047503	0.06153346484116	0.0086346400627184
ENSG00000188000_OR7D2	5672	0.493295513791345	0.0660078701339312	0.381548863633816	0.051046950655956	0.00810080178495227
ENSG00000188321_ZNF559	5480	0.546922238252037	0.071778550935429	0.330517456146466	0.0433699870686239	0.00741176759744455
ENSG00000189052_ILMN_17361	5429	0.559242642566269	0.0692609157413579	0.323861159940059	0.0401019268385636	0.00753335491375096
ENSG00000189144_ZNF573	4324	0.410330831382765	0.0374102697389936	0.500745208179617	0.04564757221902	0.00586611847960497
ENSG00000196365_LONP1	6210	0.462939548966631	0.0687017865866589	0.401123266559712	0.059520327231289	0.00771507065570919
ENSG00000196931_ILMN_36955	8930	0.397262917197889	0.121111475886787	0.359882369156924	0.109703423137883	0.012039814620517
ENSG00000197256_ANKRD25	4711	0.564673507273347	0.0743070509811387	0.311842907174551	0.041028178836979	0.0081483557339845
ENSG00000198046_ZNF667	6650	0.510015531334229	0.0902327938482397	0.33251150170895	0.0588200663657803	0.00842010674280131
ENSG00000007341_ST7L	4420	1.57024258467036e-05	1.28594080271543e-06	0.917953830781569	0.0751684209153317	0.00686075993644879
ENSG00000043514_TRIT1	4588	0.0547334135203859	0.249287297292826	0.119161371126695	0.542694975047874	0.0341229430122197
ENSG00000049239_H6PD	3844	0.451467115871209	0.0936155000147918	0.367371343314189	0.0761661550585191	0.0113798857412908
ENSG00000049247_UTS2	4503	0.568601504468274	0.0964274445284584	0.276789045800115	0.0469285808008601	0.0112534244022924
ENSG00000058799_YIPF1	5439	0.561531768913828	0.0829617252619039	0.302852591979798	0.0447360751490622	0.00791783869540767
ENSG00000064886_CHI3L2	5748	0.00554701533315886	0.000677415189658819	0.872649938064471	0.106555592073961	0.0145700393387498
ENSG00000065135_GNAI3	4527	0.0199398036339391	0.00220224871087927	0.870725167735511	0.0961561378078938	0.0109766421117765
ENSG00000066185_ZMYND12	4325	0.361994508797557	0.0264834256304012	0.563832823692455	0.0412434192757338	0.00644582260385287
ENSG00000067533_RRP15	5826	0.451563889872299	0.0942268201549626	0.367623309204864	0.0767012434510221	0.00988473731685267
ENSG00000069275_NUCKS1	3737	0.231769070768531	0.0219203561591157	0.675308606189946	0.0638624921197975	0.00713947476260915
ENSG00000081692_JMJD4	5131	0.0107818575696716	0.000937803168723594	0.901388473720092	0.0783940373048045	0.00849782823670794
ENSG00000084072_PPIE	4576	0.00329743906770713	0.0149855233960585	0.176564446969202	0.802411070119422	0.00274152044761101
ENSG00000090686_USP48	5477	0.00549019140971681	0.00259221403658413	0.670055511219195	0.316363671960146	0.00549841137435889
ENSG00000097046_CDC7	4661	0.371822417936074	0.10458864576927	0.398502772374183	0.112080464967146	0.0130056989533262
ENSG00000116171_SCP2	4230	0.11003790521671	0.0127031304342356	0.779634063326123	0.0899958399972069	0.00762906102572444
ENSG00000116199_FAM20B	5241	0.38793216412477	0.0367654320996732	0.512912967937514	0.0485964245464447	0.013793011291598
ENSG00000116455_WDR77	5681	0.00486589884368029	0.000515761791041384	0.892691579101248	0.0946136855271555	0.00731307473687431
ENSG00000116698_SMG7	5131	0.0104377510100094	0.00092319674844962	0.903110246718579	0.0798725131008306	0.00565629242213142
ENSG00000116791_CRYZ	4261	0.101539559650267	0.00879461917147633	0.812855396900262	0.0703972174750662	0.00641320680292833
ENSG00000116885_C1orf102	3430	0.0999587404764085	0.00717585882789752	0.823597021047095	0.0591144000708582	0.0101539795777406
ENSG00000117174_C1orf181	5724	0.281070572376018	0.034092655361862	0.599833832468571	0.0727450142138096	0.0122579255797398
ENSG00000117289_TXNIP	408	0.95826312005162	0.00628713925873181	0.0346664307711003	0.000226889124485141	0.000556420794063247
ENSG00000117481_NSUN4	3923	0.0423907169869138	0.00473716908356742	0.849595131037165	0.0949340424299268	0.00834294046242747
ENSG00000121310_ECHDC2	4223	0.249527776923373	0.0293919015203083	0.637060565548316	0.0750304376983389	0.00898931830966381
ENSG00000123473_STIL	4435	0.0976061892875549	0.0126074332411368	0.768854908710533	0.0992885238020621	0.0216429449587132
ENSG00000131697_NPHP4	5855	0.412978453059139	0.0718199467574912	0.430970095303368	0.0749395317960009	0.00929197308400092
ENSG00000134184_GSTM1	4654	1.14502976753292e-06	1.34396428248786e-07	0.878719618593702	0.103120450946498	0.0181586510336039
ENSG00000134262_AP4B1	3830	0.634344913441855	0.0517703903063578	0.284204104304934	0.0231880773396744	0.00649251460717889
ENSG00000134697_GNL2	4544	0.144684692184685	0.0127689551793953	0.724621134501082	0.063896446214585	0.0540287719202532
ENSG00000135778_C1orf57	6443	0.050955799839306	0.0104540807397888	0.768764989217367	0.157707539298906	0.0121175909046322
ENSG00000142632_ARHGEF19	4913	0.131735897495352	0.0143537140543367	0.763854361598662	0.0832214068388644	0.00683462001278458
ENSG00000142684_ZNF593	3166	0.513903491471473	0.027630048199779	0.430204130903341	0.0231248101652131	0.00513751926019419
ENSG00000142794_NBPF3	5724	0.320108838032295	0.154224548056269	0.344635592153443	0.166026235345192	0.0150047864128002
ENSG00000143155_TIPRL	5281	0.00416987807333541	0.00052423868675637	0.873978324338052	0.109865431380309	0.0114621275215482
ENSG00000143156_NME7	6225	0.0477763598658861	0.00798371114483718	0.798492391127727	0.133420454736363	0.0123270831251858
ENSG00000143194_MAEL	5528	0.49678911607435	0.0688816297032891	0.373114936164532	0.0517242618277489	0.00949005623008065
ENSG00000143198_MGST3	5597	0.369371405509062	0.0689720530450534	0.459462176968588	0.0857781232640807	0.0164162412132162
ENSG00000143226_FCGR2A	5408	0.0592759823531087	0.0110384198834452	0.768500036350084	0.14309258600316	0.0180929754102024
ENSG00000143387_CTSK	3110	0.285228576108132	0.02206227187077	0.634148171870714	0.0490414892300976	0.0095194909202864
ENSG00000143437_ARNT	3114	0.041825915491036	0.00322561027312253	0.878204269193053	0.0677179961252687	0.00902620891751911
ENSG00000143537_ADAM15	2841	0.576625568843267	0.0400105317935055	0.352389878720926	0.0244448778153433	0.0065291428269575
ENSG00000143569_UBAP2L	3655	0.383809494101297	0.0278920560833732	0.542845236651609	0.0394434306768534	0.00600978248686738
ENSG00000143653_SCCPDH	7529	0.277708542176811	0.265227957947713	0.219811817201407	0.209905841492994	0.027345841181074
ENSG00000143756_FBXO28	4480	0.00244336438005595	0.000229648970896549	0.906304288823281	0.0851766379553173	0.00584605987044982
ENSG00000153898_MCOLN2	5004	0.0141621709742748	0.0014253280066366	0.882974330154284	0.0888528891003886	0.0125852817644163
ENSG00000159479_MED8	4302	0.134155006811826	0.0117679506474056	0.779091844176253	0.0683345509965064	0.00665064736800951
ENSG00000160714_UBE2Q1	3065	0.698771826534501	0.0451536436977013	0.232081247666514	0.0149877553157673	0.00900552678551673
ENSG00000162384_C1orf123	4412	0.0785331828471041	0.00872053168437401	0.815264563933732	0.090522167155957	0.00695955437883298
ENSG00000162437_RAVER2	4873	0.539599694957473	0.131488073059272	0.254776251640603	0.062071065788712	0.01206491455394
ENSG00000162551_ALPL	5697	0.413944429851047	0.198393036207281	0.249377520770363	0.119501519086819	0.0187834940844899
ENSG00000162585_C1orf86	4746	0.377795246181452	0.0332812310557564	0.535949692643991	0.0472078125953192	0.00576601752348154
ENSG00000162600_OMA1	5055	0.278595982219816	0.0376432620514974	0.596205037925298	0.0805508779415815	0.00700483986180692
ENSG00000162604_TM2D1	4731	0.523362194421745	0.116112217629197	0.282858363218464	0.0627395321792565	0.0149276925513372
ENSG00000162606_L1TD1	5109	0.53399402006702	0.121590093940735	0.27091048710179	0.0616743120878024	0.0118310868026515
ENSG00000162769_FLVCR1	5257	0.054455205725446	0.00719972540337107	0.812797371763612	0.107444862502154	0.0181028346054173
ENSG00000162836_ACP6	3157	0.67834992688424	0.0442349886096887	0.255850483947666	0.0166790452518972	0.00488555530650851
ENSG00000162885_B3GALNT2	5049	0.304439963983518	0.115785483180506	0.40990817158421	0.155883472489324	0.013982908762442
ENSG00000168653_NDUFS5	4629	0.000731105058858715	0.00327144289931035	0.181602553138156	0.812606982549368	0.00178791635430689
ENSG00000171488_LRRC8C	4225	0.277942863578117	0.0553572768253635	0.548164093286785	0.109167284111627	0.00936848219810695
ENSG00000171806_C1orf156	6026	0.00039292404611659	5.63047793154965e-05	0.836264950584183	0.119790640595843	0.0434951799945412
ENSG00000175279_CORT	3606	0.660347213180515	0.0561565124538019	0.255917287261741	0.0217576116221957	0.00582137548174701
ENSG00000177000_MTHFR	4643	0.439741541633621	0.0685923139317826	0.415174841947926	0.0647485775979915	0.0117427248886788
ENSG00000177868_CCDC23	4239	0.244204745274406	0.0158076375326838	0.688737550995424	0.0445760532762239	0.00667401292126219
ENSG00000178028_DMAP1	3728	0.0831281493773785	0.0361693067112575	0.607023464353601	0.264108156074902	0.00957092348286179
ENSG00000184022_OR2T10	3919	0.476377430631386	0.0986851295680103	0.342014981763206	0.07083886487593	0.0120835931614677
ENSG00000185523_ILMN_7435	5297	0.474124214581433	0.0631826833258526	0.399974396651704	0.0532919125289021	0.00942679291210812
ENSG00000197622_CDC42SE1	3412	0.503770272083086	0.0383613650350304	0.419326797573109	0.0319245016269012	0.0066170636818736
ENSG00000197747_S100A10	3528	0.386338712204348	0.0373782301609671	0.519440654913124	0.0502492360862108	0.00659316663534986
ENSG00000197780_TAF13	4290	0.442469433067367	0.0373940679271886	0.472398614466732	0.0399156268167574	0.00782225772195527
ENSG00000198216_CACNA1E	4980	0.400376961633288	0.0401787182222792	0.501992740642402	0.0503690049846221	0.00708257451740905
ENSG00000203666_EFCAB2	6135	0.0432530662684951	0.00709178197732381	0.806538034155599	0.13222926037053	0.0108878572280523
ENSG00000203965_ILMN_14353	4952	0.307230515848252	0.075517537412194	0.48773651238181	0.119876434880237	0.009638999477507
ENSG00000204138_PHACTR4	3478	0.143932736132692	0.0093668375577925	0.788821608902126	0.0513282887246405	0.00655052868274873
ENSG00000088766_CRLS1	6139	0.00899390629914692	0.00177988041124627	0.812470692261409	0.160770732547561	0.0159847884806368
ENSG00000088832_FKBP1A	6353	0.362908986828591	0.0849970236295345	0.439424562636524	0.102907998366303	0.00976142853904706
ENSG00000088833_NSFL1C	6365	0.0882614720835552	0.014344813478691	0.766293894539854	0.124536373891678	0.0065634460062221
ENSG00000100991_TRPC4AP	3204	4.26786132268496e-06	1.63533081689037e-06	0.719701263941848	0.275765833584652	0.00452699928136042
ENSG00000100994_PYGB	4649	0.000563229008289567	7.25764745355677e-05	0.878734645186666	0.113224444926877	0.00740510440363166
ENSG00000100997_ABHD12	4528	1.91619518507313e-06	2.45874755090032e-07	0.879640985658078	0.11286279891086	0.00749405336112232
ENSG00000101052_IFT52	4828	0.551803375260208	0.0966813054090488	0.290138437016883	0.0508245169687373	0.0105523653451229
ENSG00000101158_TH1L	4927	0.492735379774951	0.0652418711195402	0.38338197406647	0.0507547715369889	0.00788600350205069
ENSG00000101161_PRPF6	4409	0.449471933088038	0.0534040804761824	0.436607746258447	0.0518669707665654	0.00864926941076689
ENSG00000101182_PSMA7	6805	0.354777731109727	0.0545829193726382	0.504276556031636	0.0775746794652149	0.00878811402078358
ENSG00000101190_TCFL5	6722	0.23922133573732	0.0357018252304219	0.620493704459713	0.0925916122696387	0.0119915223029065
ENSG00000101220_C20orf27	6074	0.490677616483754	0.113319344526505	0.312365989414959	0.0721277283039051	0.0115093212708765
ENSG00000101311_C20orf42	6165	0.55519877628805	0.0687947575288716	0.328589839570093	0.040708904965415	0.00670772164757049
ENSG00000101343_CRNKL1	4469	0.00595595650174782	0.000533033298757827	0.89747180443979	0.0803042533353168	0.0157349524243876
ENSG00000124193_SFRS6	4992	0.364303747769117	0.0636829148514295	0.478338902790601	0.083607012564333	0.0100674220245189
ENSG00000125821_DTD1	5692	0.369706488166954	0.0859516558298243	0.398666433455508	0.0926313993826467	0.053044023165067
ENSG00000125870_SNRPB2	6323	0.508794845896971	0.0942236585096476	0.326774028809569	0.0605055425769321	0.00970192420688082
ENSG00000125878_TCF15	4920	0.559267931583348	0.107681635114754	0.27043575022212	0.0520592345982292	0.0105554484815489
ENSG00000125977_EIF2S2	2708	0.0258314777071561	0.00793262002333224	0.7345311817015	0.225561934494811	0.00614278607320034
ENSG00000166948_TGM6	5883	0.536808547465599	0.0721312461051324	0.337730570980929	0.0453730774207829	0.0079565580275568
ENSG00000214078_CPNE1	2995	0.0743849797398975	0.0257704811260399	0.661828197276959	0.229279906597857	0.008736435259247
ENSG00000154719_MRPL39	5013	0.348410514410995	0.0989092784952426	0.418459359200731	0.118779806478876	0.0154410414141541
ENSG00000156261_CCT8	5430	0.424389016319824	0.0306525388987924	0.501731504131334	0.0362317948693343	0.0069951457807151
ENSG00000160188_RSPH1	7551	0.384599781342043	0.0962755905845851	0.405788815949563	0.10156800369284	0.0117678084309686
ENSG00000160193_WDR4	6896	0.442571612747056	0.0726332955530062	0.404611913006001	0.0663896897331511	0.0137934889607857
ENSG00000160194_NDUFV3	6790	0.313713988105557	0.045543862606532	0.551852053238697	0.0801071029564334	0.00878299309278001
ENSG00000160213_CSTB	6125	0.356518309712875	0.0603321325674967	0.492251194278555	0.0832940480840397	0.00760431535703316
ENSG00000182362_C21orf57	4739	0.226521289335145	0.0211231090376808	0.682690159913691	0.0636548432185302	0.00601059849495295
ENSG00000182852_C21orf121	7765	0.423134374968922	0.110199200285378	0.360779320998663	0.0939477931182824	0.011939310628754
ENSG00000185808_PIGP	5582	0.00320402083644848	0.000554704628926724	0.842245237936753	0.145807758628567	0.0081882779693042
ENSG00000025708_ECGF1	4038	0.509145417549404	0.0409674399879206	0.410383243212436	0.033014235474583	0.00648966377565643
ENSG00000099940_SNAP29	3134	0.108370858944283	0.039372631361716	0.611451602606657	0.222130146236683	0.0186747608506618
ENSG00000100033_PRODH	5793	0.463993937914818	0.143199029010129	0.289210966629726	0.0892426955176311	0.0143533709276957
ENSG00000100092_SH3BP1	4802	0.0859140385479469	0.0126094682475917	0.777841795232408	0.114153134749582	0.0094815632224708
ENSG00000100101_NOL12	4874	0.168447727928579	0.0249309510714395	0.696235945387734	0.10303841389294	0.007346961719308
ENSG00000100162_CENPM	4404	0.493605269975168	0.0806218833795723	0.357259377476378	0.0583419685983554	0.0101715005705269
ENSG00000100266_PACSIN2	5976	0.000226196124323503	3.0841495041369e-05	0.870073749918043	0.118622175897638	0.0110470365649544
ENSG00000100296_THOC5	4247	0.231868214921717	0.0232040316112451	0.669787483465097	0.0670203425307733	0.00811992747116747
ENSG00000100299_ARSA	3729	0.61077841663268	0.0457814446214359	0.313994954072782	0.0235298583844883	0.00591532628861466
ENSG00000100304_TTLL12	6339	0.479643097945859	0.069412103720026	0.387064312775024	0.0560065842233033	0.00787390133578778
ENSG00000100321_SYNGR1	3888	0.00602580835910916	0.000496365885327885	0.911404557899862	0.0750684212727958	0.00700484658290584
ENSG00000100330_MTMR3	4586	0.280865687596056	0.0306166760316861	0.612932250265342	0.0668058901647237	0.00877949594219204
ENSG00000100347_SAMM50	7406	0.266954889620495	0.0522472323184378	0.562054230563595	0.109994022759629	0.00874962473784348
ENSG00000100417_PMM1	3742	0.0313433333797814	0.00502963476766276	0.819633097967874	0.131513259626409	0.0124806742582722
ENSG00000128408_RIBC2	6848	0.0992392490997113	0.0158903814047716	0.712210188784432	0.113981800995314	0.0586783797157709
ENSG00000179750_APOBEC3B	4131	0.647454247487556	0.0553981581917464	0.2685909175252	0.0229758764928836	0.00558080030261447
ENSG00000184674_GSTT1	5391	0.000724492641108206	0.000100503173502529	0.872296477759532	0.121000961256286	0.00587756516957149
ENSG00000184983_NDUFA6	4625	0.576793899481057	0.0791399863363445	0.295650886158665	0.040557424027132	0.00785780399680174
ENSG00000185838_GNB1L	4619	0.370425305269706	0.0457609105841981	0.51021519601344	0.0630194342694113	0.010579153863244
ENSG00000188130_MAPK12	5352	0.510101346113823	0.0517654289788526	0.391501404694743	0.0397229179532153	0.0069089022593669
ENSG00000189306_ILMN_12816	5504	0.408789228678035	0.0518861070670021	0.471028135918464	0.0597773425181962	0.00851918581830243
ENSG00000035141_FAM136A	4894	0.439076180673365	0.0434857393076549	0.465088975546742	0.046055731477621	0.00629337299461665
ENSG00000068878_PSME4	6124	0.202420098926659	0.105594332242401	0.441572164426427	0.230330154135666	0.0200832502688472
ENSG00000079785_DDX1	5298	0.0804318492823362	0.00925480782984191	0.8096801124931	0.0931575318404936	0.00747569855422889
ENSG00000087338_GMCL1L	4528	0.167845544941832	0.0579749210570653	0.56361866628967	0.194661580509811	0.0158992872016216
ENSG00000115053_NCL	4908	0.537410841539369	0.0944580050745636	0.305020284026068	0.0536023752070594	0.00950849415293946
ENSG00000115350_POLE4	4461	0.419789848073764	0.0410211133128619	0.485077671695166	0.0473942055323191	0.00671716138588925
ENSG00000115364_MRPL19	6029	0.39092355269141	0.0679910583189731	0.449285182313984	0.0781278845686194	0.0136723221070135
ENSG00000115750_TAF1B	6194	0.0686539049310557	0.00832532735461585	0.818291476487761	0.0992247492956898	0.00550454193087739
ENSG00000115816_CEBPZ	6376	0.214973437301	0.120840549354034	0.411612514364907	0.231353795653602	0.0212197033264556
ENSG00000115866_DARS	3577	0.220568303308931	0.0153352328242663	0.698990111273086	0.0485814646573663	0.0165248879363501
ENSG00000115934_PPIL3	3924	0.00089931105228736	0.000197490165866358	0.811365748875698	0.178167864995036	0.00936958491111173
ENSG00000118640_VAMP8	4739	0.0373467998148325	0.00279418505999162	0.887310586711851	0.066379974328033	0.00616845408529167
ENSG00000118961_C2orf43	4846	0.520026843061018	0.0643921461883332	0.362911246249137	0.0449296209440174	0.00774014355749483
ENSG00000119878_CRIPT	6374	0.000491101934214516	0.000633433164871453	0.430035562180604	0.554654342869013	0.0141855598512979
ENSG00000123983_ACSL3	5254	0.378803444309405	0.0463484160961551	0.503435639976172	0.0615879377335158	0.00982456188475265
ENSG00000130414_NDUFA10	7028	0.448055937224281	0.0883102369811174	0.379692733952223	0.0748269778325743	0.00911411400980399
ENSG00000132305_IMMT	4169	0.00308744188430474	0.000273847642904819	0.908911194142027	0.0806108179714131	0.0071166983593504
ENSG00000132313_MRPL35	4059	0.607981452027038	0.051216931752134	0.309017509564558	0.0260261689324376	0.00575793772383178
ENSG00000132329_RAMP1	6253	0.423277231452316	0.0938412374780203	0.385013991966865	0.0853456943970612	0.0125218447057366
ENSG00000135632_SMYD5	3407	0.67251851735589	0.0588305228202083	0.24164211081457	0.0211324734954934	0.00587637551383889
ENSG00000135899_SP110	5433	0.370293555240557	0.0388562465094872	0.527590328138018	0.055354061895581	0.00790580821635677
ENSG00000135951_TSGA10	3722	0.00364169795373486	0.000378734278130236	0.897138619499263	0.0932963029420989	0.00554464532677289
ENSG00000136718_IMP4	3116	0.625342158027503	0.0315113656814204	0.321624109606223	0.0162015105555427	0.00532085612931153
ENSG00000138035_PNPT1	6097	0.012119069365728	0.0115233033285057	0.490758244915132	0.466613884276075	0.0189854981145593
ENSG00000138036_DYNC2LI1	5707	0.462910102105151	0.161769636767802	0.266166585944127	0.0929990371499544	0.0161546380329658
ENSG00000138095_LRPPRC	5601	0.259883421629624	0.0904835143660227	0.472740806840885	0.164581680525087	0.0123105766383811
ENSG00000138399_FASTKD1	5962	0.504150975426173	0.0969781017504431	0.326259366311905	0.0627491434511747	0.00986241306030384
ENSG00000144120_TMEM177	4615	0.373247677886882	0.0723635597676108	0.456188100021927	0.0884339042866202	0.00976675803696062
ENSG00000144401_FAM119A	4667	0.342774938857186	0.194002439427804	0.283295311814152	0.160318780717249	0.0196085291836091
ENSG00000151665_PIGF	6326	0.0229651943883941	0.0296111044692431	0.40660031396976	0.524250026371104	0.0165733608014988
ENSG00000151690_ILMN_5981	3791	0.169373547538603	0.0150168501166002	0.738717984630407	0.065484163813528	0.0114074539008613
ENSG00000158089_GALNT14	5116	0.518527795293948	0.105814329754974	0.302524402187759	0.0617237897461184	0.0114096830172006
ENSG00000163082_SGPP2	4899	0.200290012187181	0.0233071641386649	0.688966297914434	0.0801657264267752	0.00727079933294463
ENSG00000168385_SEPT2	5336	0.327699110543421	0.03543383994385	0.568906194010387	0.0615089149709019	0.00645194053143973
ENSG00000171103_ILMN_29305	5057	0.000477013537157162	7.8181441920888e-05	0.854292661760706	0.140011498121404	0.00514064513881209
ENSG00000171853_TTC15	6633	0.230884063444959	0.0335567736764729	0.634244554747908	0.0921721916333715	0.00914241649728866
ENSG00000172954_LYCAT	5756	0.347813987546862	0.070119567632776	0.475341994255971	0.0958184059103157	0.0109060446540758
ENSG00000173272_FAM128A	4008	0.499881370032974	0.0734980310005109	0.354568158403119	0.0521125520593105	0.0199398885040854
ENSG00000174501_ILMN_40651	2383	0.0557814501888397	0.00281856766597543	0.888592544588552	0.0448915660517029	0.00791587150493037
ENSG00000176732_PFN4	5173	0.242463689917586	0.0742084495077487	0.512371029604145	0.156802149204958	0.0141546817655625
ENSG00000182551_ADI1	6644	0.446175630370052	0.0628872041374891	0.423851530128256	0.0597333324966486	0.00735230286755492
ENSG00000183891_TTC32	5517	0.403365263526981	0.0503016917840737	0.479311373771821	0.0597653000988549	0.00725637081826885
ENSG00000196151_WDSUB1	6166	0.0404447244435509	0.0113044316361906	0.736425178331477	0.205827226985809	0.00599843860297196
ENSG00000196912_KIAA1641	2744	0.241800491811813	0.0127871920174847	0.701455214113254	0.037088351558287	0.00686875049916117
ENSG00000198369_SPRED2	5073	0.482492306852898	0.147638394799306	0.270482447203192	0.0827486074592731	0.0166382436853312
ENSG00000213639_PPP1CB	4957	0.245885829156989	0.0404444980271037	0.606457360654416	0.0997455918866525	0.00746672027483841
ENSG00000214587_ILMN_36450	3970	6.61692934358724e-06	6.9137484746974e-07	0.882736165329752	0.0922083050412956	0.0250482213247612
ENSG00000011376_LARS2	4732	0.0210494993473823	0.330767773115152	0.0369412840511091	0.580457429027971	0.0307840144583859
ENSG00000075975_MKRN2	5712	0.199053152785209	0.0344551599877252	0.647363466414934	0.112048476741404	0.0070797440707271
ENSG00000113851_CRBN	7812	0.386834444659778	0.0500437341166526	0.490879158833305	0.0634949719166712	0.00874769047359268
ENSG00000114316_USP4	2156	0.678249762026806	0.0254500322414588	0.281817470399228	0.0105707525573699	0.00391198277513699
ENSG00000114383_TUSC2	2600	0.659236051947528	0.025706694247161	0.299570854805223	0.0116778589705505	0.0038085400295373
ENSG00000114491_UMPS	5400	0.154087146563288	0.0188230640958354	0.730552725950625	0.089235968656568	0.00730109473368347
ENSG00000114742_WDR48	5006	0.0613789160321004	0.00907571538075154	0.80423952518517	0.118911460482977	0.00639438291900106
ENSG00000121542_SEC22A	4502	0.300268571266928	0.0692333900210955	0.468738298605001	0.1080239804936	0.0537357596133753
ENSG00000129055_ANAPC13	4858	0.000132106414769469	1.52555851075299e-05	0.890867182249926	0.102870798186035	0.00611465756416208
ENSG00000132182_NUP210	5469	0.0120921400876084	0.00136383305692907	0.838973740876763	0.0945721147875755	0.0529981711911236
ENSG00000144559_C3orf31	5247	0.288381282965464	0.0390636490715103	0.581901639449053	0.0788115866546997	0.0118418418592728
ENSG00000145088_EAF2	5422	0.0075429959500306	0.000833748940879674	0.879597914300451	0.0972096604171988	0.0148156803914405
ENSG00000154174_TOMM70A	4300	0.608618837458898	0.0583724322723146	0.297147426259384	0.0284919424353432	0.00736936157406012
ENSG00000157017_GHRL	5185	0.487701509108801	0.055917488583467	0.403243982596926	0.0462270884716346	0.00690993123917209
ENSG00000160124_CCDC58	5199	0.000527197972684496	7.36266836192801e-05	0.870677875436772	0.121588791206003	0.00713250870092173
ENSG00000163602_RYBP	5164	0.540138546920309	0.0664739182731105	0.343079103984176	0.0422140585354944	0.00809437228690964
ENSG00000163864_NMNAT3	4439	0.367850992291853	0.0497088493783857	0.504371397907231	0.0681473552495125	0.00992140517301796
ENSG00000164054_ILMN_5730	1837	0.760362439289767	0.0283015122444653	0.200561470613009	0.00746180204709906	0.00331277580566028
ENSG00000168297_PXK	4376	0.549933035649256	0.0329944526048416	0.388614541127492	0.0233106442839029	0.00514732633450799
ENSG00000168827_GFM1	4948	0.0815013502981645	0.0114824819122065	0.783939338411499	0.110434230252009	0.0126425991261212
ENSG00000170819_BFSP2	5149	0.0694697492705509	0.00820536625331608	0.818593514111536	0.0966804953793608	0.00705087498523642
ENSG00000172113_NME6	1738	0.497917125909178	0.0201600373193808	0.457253844589097	0.0185074707512375	0.00616152143110708
ENSG00000173226_IQCB1	5454	0.217218462874511	0.0239981370805457	0.672947129353082	0.074335206137331	0.0115010645545297
ENSG00000178252_WDR6	2070	0.290445362450473	0.0107621553811125	0.667834090986964	0.0247396894283219	0.00621870175312931
ENSG00000178750_STX19	2057	0.403314644242197	0.0100036578258635	0.566395063267971	0.0140423961669044	0.00624423849706317
ENSG00000180376_CCDC66	5369	0.132160339060067	0.034497972157187	0.590758099122184	0.154117830926742	0.0884657587338193
ENSG00000182923_CEP63	4858	0.169085871138727	0.0195291605119889	0.721319884149334	0.0833045871819616	0.00676049701798803
ENSG00000184203_PPP1R2	6648	0.520551390083169	0.0673290162105762	0.35872602896706	0.0463912420766464	0.00700232266254813
ENSG00000196455_PIK3R4	4146	0.35947511027247	0.0742286200418721	0.453446334190851	0.093613659822531	0.0192362756722754
ENSG00000197548_ATG7	5669	0.477921486578736	0.0766147150970788	0.375936515897622	0.060256421033461	0.00927086139310254
ENSG00000213533_MUSTN1	3368	0.374315061125427	0.0232474810781842	0.559389381554236	0.0347335257161196	0.00831455052603279
ENSG00000033178_UBE1L2	5235	0.0139723141758661	0.0570987262166318	0.181354190767775	0.741108653151671	0.00646611568805655
ENSG00000038002_AGA	5751	0.0706548723961835	0.00922498659103071	0.803782231797061	0.104933662653554	0.0114042465621713
ENSG00000056050_C4orf27	5231	0.537745419400979	0.0513436247115452	0.369971747511481	0.0353190704550073	0.00562013792098756
ENSG00000059691_PET112L	3972	0.245729486422565	0.0216610250062637	0.662826929025877	0.058416749160583	0.0113658103847111
ENSG00000078177_ILMN_7118	5424	6.93716154045835e-06	1.49472434982325e-06	0.81846240992029	0.176345862645649	0.00518329554817158
ENSG00000087008_ACOX3	7735	0.295267009788083	0.0467786167802272	0.562068986815083	0.0890407253911958	0.0068446612254113
ENSG00000109181_UGT2B10	7182	0.0199509228934997	0.0715612031704916	0.195893569481331	0.702633199829736	0.00996110462494151
ENSG00000109323_MANBA	4559	0.00301652237281786	0.000285501449888624	0.905102254040524	0.0856582724877838	0.00593744964898565
ENSG00000109674_NEIL3	5851	0.463600961608238	0.0604064598316808	0.412646827510663	0.0537576299714446	0.0095881210779734
ENSG00000109775_C4orf20	6968	0.436487888558387	0.0572701739431396	0.441231099115071	0.0578853899175422	0.00712544846586009
ENSG00000109814_UGDH	5847	0.109233182108318	0.0373083979928436	0.621949896389255	0.212406773045425	0.0191017504641577
ENSG00000118564_FBXL5	5998	0.0379329681330266	0.00859842623132264	0.771441257979362	0.174858682202647	0.00716866545364138
ENSG00000121895_TMEM156	6000	0.00548827288225558	0.00153477201650275	0.770336420933629	0.215414055864333	0.00722647830327994
ENSG00000125089_SH3TC1	8537	0.414154773779516	0.0717502154837321	0.431463346115311	0.0747409471979075	0.00789071742353342
ENSG00000128039_ILMN_17863	5762	0.482373616648399	0.0637521926605734	0.394376548593593	0.0521148080134245	0.00738283408400942
ENSG00000132465_IGJ	5471	0.563790631759393	0.0728534206064909	0.314680191947503	0.0406551743869107	0.00802058129970167
ENSG00000138785_INTS12	4241	0.413561170280247	0.155280141635097	0.300778544963062	0.112916095529613	0.0174640475919803
ENSG00000145214_DGKQ	5245	0.0216445126633446	0.00406599356067698	0.69750008697281	0.13088179933675	0.145907607466419
ENSG00000145247_OCIAD2	2578	0.0347448815890365	0.00280561393549521	0.750382391678065	0.0604409906535746	0.151626122143829
ENSG00000145348_ILMN_16160	4392	0.000860700433433525	0.000330955764382163	0.717150296067574	0.275752087404582	0.00590596033002855
ENSG00000145439_CBR4	5072	0.556793012897033	0.062258119847952	0.33652193943415	0.0376215821366691	0.00680534568419635
ENSG00000157426_ILMN_5103	6432	0.380762931730399	0.0634545333345632	0.468346538919564	0.0780410363965544	0.00939495961891949
ENSG00000163110_PDLIM5	5367	0.417641528181253	0.0607308609047706	0.448462632289725	0.0652047159316023	0.00796026269264887
ENSG00000163743_RCHY1	5916	0.440026604275702	0.0729938241678879	0.410317009827979	0.068056841635702	0.00860572009272892
ENSG00000164111_ANXA5	5738	0.465915931100704	0.0734406059818783	0.39032219335815	0.0615162395003513	0.00880503005891675
ENSG00000164306_CCDC111	6402	0.248428121084337	0.0312821831622558	0.63301892556093	0.0797024656809283	0.00756830451154894
ENSG00000168993_ILMN_30247	5125	0.529572547361218	0.0982252789520721	0.305211680474437	0.0566003662338182	0.0103901269784542
ENSG00000170871_KIAA0232	7872	0.467433315297803	0.0822887081821829	0.3758848570136	0.0661639461864687	0.00822917331994596
ENSG00000171234_UGT2B7	7059	9.42385581094935e-05	0.000276612464664564	0.253421732323446	0.743850386303269	0.00235703035051024
ENSG00000174130_TLR6	6129	0.277145372506753	0.07430785507208	0.503191590525969	0.134904621064195	0.0104505608310026
ENSG00000174137_FAM53A	5402	0.0573345364786322	0.00796844929287237	0.814702401708018	0.113221922883949	0.00677268963652894
ENSG00000174780_SRP72	6557	0.394572922009568	0.065792775688138	0.455792322555826	0.0759929111598705	0.00784906858659699
ENSG00000179979_CRIPAK	5469	0.398731964040754	0.0751025417670245	0.429635220109976	0.080907654099303	0.0156226199829424
ENSG00000197888_UGT2B17	6588	3.79155435400725e-05	0.000138037996388604	0.215022717772243	0.782824863612869	0.00197646507495927
ENSG00000198498_ILMN_19458	5656	0.409363644658166	0.0982414439228955	0.384992572322055	0.0923777090629922	0.0150246300338909
ENSG00000213759_UGT2B11	7073	0.000141897309608992	0.000470964457302996	0.230861854726447	0.76624006583755	0.00228521766909061
ENSG00000013561_RNF14	4834	0.19403608666305	0.07488512303621	0.51904079351504	0.200303755271951	0.0117342415137497
ENSG00000037474_NSUN2	6773	0.207143817755133	0.0346912059783054	0.643511668107329	0.107764591357704	0.00688871680152882
ENSG00000047188_YTHDC2	6372	0.311685543343412	0.0873345931178479	0.424359615675069	0.118848205993161	0.05777204187051
ENSG00000063438_AHRR	4326	0.314171716846457	0.0408479032891968	0.56341012158395	0.0732449974431394	0.00832526083725678
ENSG00000082196_AMACR	5259	0.00537207064791132	0.000522465413157942	0.899154597743758	0.0874405537940729	0.00751031240110037
ENSG00000112992_NNT	4648	0.0958582424070999	0.00779724617926851	0.8223245635958	0.0668819150168622	0.00713803280096964
ENSG00000113196_HAND1	5440	0.465138721799974	0.0613014379070038	0.408731294712274	0.0538564332640704	0.010972112316677
ENSG00000113318_MSH3	5394	0.278239776003667	0.042079837620455	0.580176794564868	0.0877317767785517	0.0117718150324593
ENSG00000113384_GOLPH3	5490	0.555679044469233	0.0569533841133589	0.345295166012017	0.0353837555609004	0.00668864984449039
ENSG00000113621_TXNDC15	4088	0.603535548241533	0.0608020791638306	0.296949768159286	0.0299068526778209	0.00880575175752951
ENSG00000120314_WDR55	3246	0.000645189580326225	0.0140907750485549	0.0424169748812217	0.926359370688584	0.0164876898013128
ENSG00000123219_CENPK	4288	0.0194543812944642	0.00249301802456346	0.85759337188695	0.1098873324111	0.0105718963829223
ENSG00000145495_MARCH6	5757	0.344647118800056	0.0720401518504315	0.472759816105646	0.0988072697587331	0.0117456434851333
ENSG00000145839_IL9	4453	0.638582683153445	0.0595097978547436	0.270938345507128	0.0252431361657822	0.00572603731890128
ENSG00000146066_HIGD2A	3846	0.470939246870085	0.0331048708102951	0.456864720037222	0.0321085134265565	0.0069826488558408
ENSG00000150753_CCT5	5746	0.00511452055723892	0.00106941067016038	0.817370609587353	0.170900964059431	0.00554449512581618
ENSG00000155542_C5orf35	5243	0.173506311958968	0.025605282915902	0.691274475689458	0.102007578703494	0.00760635073217819
ENSG00000161011_SQSTM1	6847	6.68658565231117e-05	0.000117081187916392	0.362486780702334	0.634706705862668	0.00262256639055739
ENSG00000164219_PGGT1B	6205	0.0767334948128002	0.0256134104032351	0.643157750686888	0.214644276933961	0.0398510671631155
ENSG00000164253_WDR41	5165	0.0528770510824671	0.0182447141963013	0.677668586362784	0.233805576311594	0.0174040720468537
ENSG00000164307_ILMN_10385	5284	0.0174491505204661	0.00229219536116471	0.859968301328703	0.112961801306289	0.00732855148337708
ENSG00000164308_ILMN_22173	5531	1.20900396013223e-08	1.62727165422047e-09	0.874097201780528	0.117641775417208	0.0082610090849521
ENSG00000164338_UTP15	5231	0.383401539385254	0.0376695458496287	0.520759675841439	0.0511580950714237	0.00701114385225451
ENSG00000164346_ILMN_8436	5072	0.058809660120728	0.0163018043520963	0.692583292620732	0.191940975373885	0.0403642675325586
ENSG00000169045_HNRPH1	7017	0.173275999640358	0.30435150508304	0.178360844542029	0.313252046999131	0.0307596037354419
ENSG00000169131_ZNF354A	6754	0.180354466296015	0.104538604559871	0.444598669706479	0.257689279974975	0.0128189794626604
ENSG00000171421_MRPL36	7531	0.0186165227925019	0.00292637192094305	0.84062826982915	0.132134501351082	0.00569433410632379
ENSG00000205464_ILMN_15537	4128	0.0317265005872105	0.00221301455863795	0.895999846151551	0.0624909936181477	0.0075696450844529
ENSG00000205550_ILMN_31744	2133	0.739201912704524	0.040066652420051	0.205257523051687	0.0111211349841747	0.00435277683956295
ENSG00000009844_VTA1	3952	0.648186163481583	0.0414887367550565	0.287335785845742	0.0183870256898044	0.004602288227814
ENSG00000010017_RANBP9	4716	0.337724530783401	0.0416045435099148	0.54614427222988	0.0672726770489305	0.00725397642787316
ENSG00000030110_BAK1	15434	8.5002819887845e-05	0.31350811867238	0.000179073945803771	0.660436248718281	0.0257915558436466
ENSG00000031691_CENPQ	5209	0.0305173314099653	0.00343616841704329	0.858811732007434	0.0966893169996693	0.0105454511658878
ENSG00000047932_GOPC	4787	0.586426623792192	0.0565120865339439	0.320183172319053	0.0308490146601528	0.00602910269465848
ENSG00000048544_MRPS10	4788	0.00504673412138895	0.00126394666286137	0.77485867000464	0.194037347993443	0.0247933012176664
ENSG00000051620_HEBP2	5434	0.509327416411762	0.0673989486019042	0.367337593298695	0.0486021985961959	0.00733384309144297
ENSG00000071242_RPS6KA2	7425	0.293488087236411	0.0509410118845166	0.552426806824146	0.0958779904215697	0.00726610363335707
ENSG00000111801_BTN3A3	5194	0.000450632417014666	5.76068945097783e-05	0.792650050157423	0.101223327557245	0.105618382973808
ENSG00000111850_C6orf162	5507	0.0605569718493116	0.0087551180141957	0.806055896174938	0.116528676516915	0.00810333744464016
ENSG00000112096_SOD2	6049	0.281597757247856	0.043310050196793	0.579036214657109	0.0890494112388535	0.0070065666593887
ENSG00000112242_E2F3	5793	0.518426010521682	0.0649877850540114	0.363949100242475	0.0456161642728817	0.00702093990895
ENSG00000112297_AIM1	5220	0.0601172461033954	0.00864631317267694	0.807574333375533	0.116141189296841	0.00752091805155399
ENSG00000112584_FAM120B	4165	0.357943599736131	0.0268599733378212	0.566668619079175	0.04251662090109	0.00601118694578223
ENSG00000124532_MRS2L	7266	0.455484669184148	0.0801096470902576	0.387139368310034	0.0680800388242507	0.00918627659130937
ENSG00000124587_PEX6	4322	1.49104760820439e-07	1.1363710142492e-08	0.919168919682996	0.0700417639469718	0.0107891559015614
ENSG00000124588_NQO2	6275	0.435943002221723	0.0775999293464778	0.405601158942417	0.0721902711868674	0.0086656383025139
ENSG00000124596_C6orf130	5545	0.0951771371509921	0.499690125889935	0.0575009159326574	0.301840152595618	0.0457916684307964
ENSG00000124688_MAD2L1BP	4498	0.00451906357575882	0.000469158446995663	0.889183457073041	0.0922993856367682	0.0135289352674364
ENSG00000124762_CDKN1A	5130	0.016762787408568	0.00197958703629725	0.870048603642004	0.102739175562425	0.00846984635070573
ENSG00000130023_C6orf70	6369	0.0258322553473874	0.00267299702964114	0.873249541340548	0.0903517518319936	0.00789345445043043
ENSG00000130340_SNX9	5439	0.593472359093979	0.0468109202681771	0.32896489187715	0.0259427335134764	0.00480909524721696
ENSG00000130348_QRSL1	5300	0.00541584265469262	0.000774277832209655	0.863448017940031	0.123436221101811	0.00692564047125549
ENSG00000135541_AHI1	3639	0.229499557041685	0.0147467687645967	0.703511531122861	0.0451979313726854	0.00704421169817238
ENSG00000145979_TBC1D7	4665	0.55902225329386	0.0763855235829962	0.312954130058618	0.0427535725035289	0.00888452056099669
ENSG00000145996_CDKAL1	5492	0.532717465256143	0.0626348787534963	0.355180678980118	0.0417530696494679	0.00771390736077543
ENSG00000146085_MUT	5172	0.00868789140172743	0.000951974874039607	0.843091895210276	0.0923267727655129	0.0549414657484436
ENSG00000146223_RPL7L1	4256	0.371276849416046	0.028105687651903	0.552164432206636	0.0417922315597269	0.00666079916568789
ENSG00000146243_IRAK1BP1	5863	0.403872333274569	0.0455593860494502	0.488329240987894	0.0550795066642303	0.00715953302385657
ENSG00000146281_ACY1L2	4589	0.0148487314470472	0.0013117478584719	0.897918454531911	0.0793161718705111	0.00660489429205902
ENSG00000146453_PNLDC1	6003	0.55225365410933	0.084533003313485	0.308263387991578	0.0471778459576662	0.00777210862794043
ENSG00000164414_SLC35A1	5386	0.122694039059567	0.0160362004739527	0.750713713887129	0.0981063807738294	0.012449665805522
ENSG00000164484_KIAA1913	5945	0.00101067187994562	0.000126011213377417	0.882874808636	0.110071476139789	0.00591703213088746
ENSG00000168405_CMAH	6722	0.0224389143923869	0.00397055558705251	0.821536210266745	0.145363764208848	0.00669055554496768
ENSG00000180992_MRPL14	4709	0.160639928061179	0.0171311204439823	0.736678256262673	0.0785545675434079	0.00699612768875757
ENSG00000186470_BTN3A2	5333	4.47843387629665e-05	6.18542479484078e-06	0.785289769217709	0.108354620402016	0.106304640616716
ENSG00000188820_FAM26F	4913	0.283405528625091	0.0298775254123868	0.614504050543985	0.0647755627563383	0.00743733266219844
ENSG00000196126_HLA-DRB1	19154	1.00680026675741e-16	4.08789052629974e-13	0.000229824225269955	0.933083913927266	0.0666862618470569
ENSG00000196306_ILMN_5683	12808	3.72580812448435e-08	1.21990619541231e-08	0.72840214152589	0.238460702487534	0.0331371065294311
ENSG00000197498_BXDC1	4824	0.437494059011269	0.0588001736573351	0.436998313190447	0.0587255624257378	0.00798189171521087
ENSG00000198502_HLA-DRB5	19153	2.87693717414471e-14	1.16812088198157e-10	0.000244686389937893	0.993492254015753	0.00626305947746924
ENSG00000204261_PSMB9	19650	8.62929138210084e-10	3.50346042776592e-06	0.000246244250888579	0.999742555572378	7.695853374503e-06
ENSG00000005075_POLR2J	4290	0.491306652828504	0.0532180977974053	0.403754478114937	0.0437264945170853	0.00799427674206827
ENSG00000064419_TNPO3	4994	0.00423675181126001	0.000430217049320743	0.895203064883369	0.0908933317182849	0.00923663453776569
ENSG00000105778_KIAA0241	6047	0.234863969454687	0.0540219830730825	0.556762941453077	0.128036914360308	0.0263141916588454
ENSG00000105829_BET1	3935	0.388201962045047	0.0250128105926454	0.54617840297827	0.0351862019843499	0.00542062239968734
ENSG00000105928_DFNA5	6613	0.366718633865542	0.053715537579109	0.494646863299664	0.0724414960141553	0.0124774692415294
ENSG00000105971_CAV2	3575	0.003060299176996	0.000278716882475588	0.904833876099119	0.0823983564090373	0.00942875143237158
ENSG00000106121_ILMN_22269	5065	4.74699937421639e-05	5.66677105912216e-06	0.888521705324496	0.106062675201958	0.00536248270874503
ENSG00000106153_CHCHD2	5524	4.59841308456655e-05	5.29614416336072e-06	0.889589109228526	0.10244900402877	0.00791060646769585
ENSG00000106392_C1GALT1	7596	0.456446075799339	0.104759602925588	0.347845115362667	0.0798233126023735	0.0111258933100322
ENSG00000106591_MRPL32	5525	0.192091283107415	0.125404339410451	0.403222707121516	0.263222732556924	0.016058937803693
ENSG00000106610_ILMN_35010	7324	0.102249368157316	0.0131526441034888	0.769055334685014	0.0989092699774097	0.0166333830767719
ENSG00000126870_WDR60	4914	0.235436262472168	0.0191330765776857	0.675446392888202	0.0548760433062419	0.0151082247557023
ENSG00000127952_STYXL1	3706	0.421545782886786	0.034178674192381	0.496377320161018	0.0402383095425536	0.00765991321726128
ENSG00000128534_LSM8	3922	0.0957031550588523	0.00673957790495706	0.832447886392281	0.058615893399662	0.00649348724424742
ENSG00000128578_FAM40B	5164	0.475304228469034	0.046144019724206	0.412605116469964	0.0400310784530881	0.0259155568837075
ENSG00000128604_IRF5	4959	6.14428659601515e-08	6.20851695984355e-09	0.893932683021234	0.0903120010626989	0.0157552482646823
ENSG00000136240_KDELR2	6880	0.445350131219345	0.149174621132295	0.293247552088431	0.0982122775910682	0.0140154179688616
ENSG00000146535_GNA12	7389	0.301640043395577	0.0427415890657589	0.564607162532276	0.0799923090869346	0.0110188959194529
ENSG00000154710_RABGEF1	5635	0.486654739940928	0.040215359333125	0.431054531147887	0.0356143013317834	0.00646106824627667
ENSG00000158604_TMED4	4880	0.473631063660929	0.0456391812923679	0.43193850053014	0.0416145010572708	0.00717675345929233
ENSG00000160916_ATP5J2	3465	0.371226706881235	0.248692358619983	0.211494902434324	0.141657829783955	0.0269282022805038
ENSG00000161036_ILMN_12314	4309	0.611045775134178	0.066056770399858	0.285441201467779	0.0308508600790847	0.00660539291910047
ENSG00000168090_COPS6	3069	0.372402629701326	0.29988130588995	0.162367920573403	0.13071391632714	0.0346342275081805
ENSG00000169193_CCDC126	5676	0.0190475443732342	0.00231505680271179	0.85800926096245	0.104266906861661	0.0163612309999429
ENSG00000170356_ILMN_115008	3814	0.00198565267027012	0.521329890139874	0.0015737295083735	0.413118139059791	0.0619925886216914
ENSG00000174353_ILMN_28376	2600	0.675391177264166	0.0402876079944737	0.26361032512243	0.0157195691999716	0.00499132041895949
ENSG00000178381_ZFAND2A	6070	0.123896029343512	0.0189629643602837	0.737651443320536	0.112894989958123	0.00659457301754564
ENSG00000188191_PRKAR1B	4913	0.00141614481803704	0.000230393149040754	0.843906419832747	0.137278293611314	0.0171687485888612
ENSG00000188372_ZP3	4758	8.06570205351391e-06	8.17844010455507e-07	0.898935678271463	0.0911401365328069	0.00991530164966649
ENSG00000188707_C7orf29	5395	0.395023840909058	0.0384429084811367	0.506661718160426	0.0492967024657704	0.0105748299836083
ENSG00000189077_TMEM120A	3699	0.135530976529628	0.0109789457422561	0.783219863298611	0.0634393908712503	0.00683082355825425
ENSG00000196313_ILMN_19309	3585	0.691694122281373	0.0460322373102737	0.241763054873928	0.0160849033381337	0.00442568219629176
ENSG00000196511_TPK1	4041	0.42251601895336	0.0481293138601114	0.468419780619282	0.0533506830061813	0.00758420356106576
ENSG00000196937_FAM3C	4418	0.505396913055182	0.0576664268930074	0.385983984160987	0.0440343423657879	0.00691833352503584
ENSG00000197448_GSTK1	3718	0.00265381303379229	0.696817246854719	0.000907511191792832	0.238225718755949	0.0613957101637474
ENSG00000213214_ILMN_28207	3628	0.00206935946809096	0.543305272528871	0.00155051365245051	0.407037533945973	0.0460373204046156
ENSG00000214253_FIS1	5011	0.399145005416953	0.235952723441906	0.215786707391744	0.127539737984128	0.0215758257652687
ENSG00000036448_MYOM2	10029	0.200771926066821	0.189245175850673	0.304536338940271	0.287033836786327	0.0184127223559073
ENSG00000066827_ZFAT1	6153	0.5310885873636	0.0769787833217642	0.335501774554174	0.0486215889588517	0.00780926580161032
ENSG00000070718_AP3M2	4219	0.327010509956265	0.115287130886481	0.403412049786948	0.142210314604085	0.0120799947662208
ENSG00000104427_C8orf70	5015	0.00142241445272577	0.000187392813329877	0.875523732868001	0.115336387535375	0.00753007233056872
ENSG00000104497_SNX16	5335	0.0457790642287492	0.00651027596984315	0.818741205302884	0.116421268979673	0.0125481855188505
ENSG00000104518_GSDMDC1	4797	0.373428575999747	0.0575637198253459	0.485765513056017	0.0748719996878975	0.00837019143099175
ENSG00000104687_GSR	4894	0.523206058699942	0.10726034632464	0.297506919296506	0.0609796365875685	0.0110470390913444
ENSG00000104723_TUSC3	8544	0.430275449281151	0.0663775795607862	0.429253512653006	0.0662120463933766	0.00788141211168057
ENSG00000104763_ASAH1	8782	0.353276015706956	0.0687092979628484	0.476757330413862	0.0927168640500342	0.00854049186629953
ENSG00000136982_ILMN_3628	5337	0.240527779836264	0.0401843694280778	0.605373255614213	0.101125393514916	0.0127892016065284
ENSG00000147421_HMBOX1	4445	0.0144949525161357	0.00147450495978416	0.884792404825475	0.089996626934974	0.00924151076363078
ENSG00000147454_SLC25A37	5734	0.2441650923127	0.275370757949503	0.212678031516333	0.2398315199201	0.0279545983013641
ENSG00000147592_LACTB2	4668	0.0170153308428366	0.30749072515653	0.0116931236016487	0.21085808546818	0.452942734930805
ENSG00000147647_DPYS	5363	0.583148788509985	0.0676791547396347	0.306957923356343	0.0356183651383297	0.0065957682557072
ENSG00000147813_NAPRT1	4789	0.0798787682386158	0.0120930176106805	0.760799012793066	0.115146907853306	0.0320822935043313
ENSG00000154319_C8orf13	6557	0.13645442446608	0.0191333226810513	0.734859566275387	0.103033783834377	0.00651890274310477
ENSG00000156795_C8orf32	4798	0.000728205433068401	7.29532486763658e-05	0.873736014618124	0.0874948598003239	0.037967966899807
ENSG00000160959_LRRC14	2312	0.721814732301198	0.0511730087146965	0.2067889126491	0.0146547179459217	0.0055686283890838
ENSG00000161016_RPL8	1750	6.44569005123665e-05	2.63214970598278e-06	0.953775299090145	0.0389409697136672	0.0072166421459692
ENSG00000172728_FUT10	4090	0.0326136384192171	0.00321823383638092	0.869278499384268	0.085769149458269	0.00912047890186495
ENSG00000173566_NUDT18	5334	0.231669227058329	0.0417487224539744	0.609744741844905	0.10987411301932	0.00696319562347134
ENSG00000176209_C8orf40	3997	0.00142386821462201	0.000503855066560364	0.568420709735226	0.200914635465458	0.228736931518135
ENSG00000205038_PKHD1L1	4145	0.000108452938678477	6.1433512462795e-06	0.940942377881055	0.0532943319269083	0.00564869390211211
ENSG00000215374_ILMN_41203	4970	0.591885795160007	0.0676295513706319	0.299271660996342	0.0341880991265753	0.00702489334644391
ENSG00000054179_ENTPD2	4662	0.584069569940007	0.0641654870356351	0.310679543773654	0.0341240827649462	0.00696131648575764
ENSG00000070214_SLC44A1	5391	0.436518096895637	0.152845599476591	0.292894993912875	0.102541168647943	0.0152001410669539
ENSG00000090054_SPTLC1	5588	0.503179025786519	0.0873268262259885	0.33919497178363	0.0588559157503434	0.011443260453519
ENSG00000106733_C9orf95	5464	0.000650511261472178	0.000195440453455544	0.76001914451207	0.228330340372623	0.0108045634003792
ENSG00000106789_CORO2A	5166	0.572704241485707	0.0680367473354555	0.314085087591809	0.0373051563482766	0.00786876723875145
ENSG00000119314_ROD1	5525	0.325770707957322	0.0340056165697545	0.572311827341393	0.0597326633265989	0.00817918480493177
ENSG00000119383_PPP2R4	4443	0.617880438839393	0.056224063847546	0.293488681376765	0.0267003118823746	0.00570650405392095
ENSG00000119431_HDHD3	5359	0.522293648003426	0.0624426264727312	0.364786660867626	0.0436050641083183	0.00687200054789853
ENSG00000130560_UBAC1	6140	0.533221462403041	0.0703264349531332	0.343604319883943	0.0453103436961647	0.00753743906371809
ENSG00000130653_PNPLA7	3689	0.484058995049293	0.0400171202405454	0.433286879066934	0.0358129692441835	0.00682403639904418
ENSG00000130956_HABP4	4123	0.462481360333607	0.0344549390429859	0.4628520972391	0.0344768242255712	0.00573477915873621
ENSG00000131669_NINJ1	5514	0.542816261415534	0.087087370892645	0.311519694274177	0.0499704254871755	0.00860624793046827
ENSG00000136861_CDK5RAP2	3543	0.34802384335987	0.048313006105062	0.523105368072628	0.0726100447460643	0.00794773771637583
ENSG00000136872_ALDOB	6513	0.521950966052213	0.0598899828900688	0.3693875019871	0.0423780690704526	0.00639348000016552
ENSG00000137054_POLR1E	4694	0.23102817357517	0.0259612868715109	0.659910331997922	0.0741470303695468	0.00895317718584937
ENSG00000148290_SURF1	6138	0.19975066955216	0.0730531037880461	0.525496370440623	0.192175768588027	0.00952408763114419
ENSG00000148296_SURF6	6187	0.271372831887579	0.0991915269989555	0.452749161089028	0.165476544765703	0.0112099352587348
ENSG00000148384_INPP5E	5364	0.0105922591225799	0.00114450556383791	0.880149876884179	0.0950881632715989	0.0130251951578042
ENSG00000156052_GNAQ	5075	0.601912293907546	0.0578414223185264	0.305267572516925	0.0293293729911086	0.00564933826589401
ENSG00000157653_C9orf43	5339	0.471942667122458	0.0574450315518006	0.41180978554063	0.0501169499652085	0.008685565819903
ENSG00000159884_CCDC107	3946	0.594284788040489	0.0446439046890073	0.33034357153521	0.0248101760355471	0.005917559699746
ENSG00000164978_NUDT2	4698	0.0741855620666116	0.00604460676671614	0.82273926067015	0.0670064066962155	0.0300241638003065
ENSG00000165029_ABCA1	6064	0.377055042399348	0.135707534878329	0.34710295187907	0.124912124198718	0.0152223466445344
ENSG00000175768_C9orf105	4734	0.0124256675885193	0.00145099844939758	0.873136452209366	0.101948846956725	0.0110380347959921
ENSG00000196152_ZNF79	3777	0.0258660030202748	0.00340354308752466	0.852330913764878	0.112146559634357	0.00625298049296521
ENSG00000204001_LCN8	4748	0.556760220901037	0.0566226430426665	0.345127995747474	0.0350932009312719	0.00639593937755102
