gene	nsnps	PP.H0.abf	PP.H1.abf	PP.H2.abf	PP.H3.abf	PP.H4.abf
ENSG00000055950_MRPL43	3427	0.000934504471992536	7.70653866258722e-05	0.916538848159683	0.0755769504618613	0.00687263151983766
ENSG00000067057_PFKP	7357	0.0788114973864316	0.27385402804907	0.138563999783894	0.481454583854616	0.0273158909259882
ENSG00000078114_NEBL	5385	0.468351519055848	0.126615695489728	0.306070443913841	0.0827278595333678	0.0162344820072147
ENSG00000089876_DHX32	5225	0.110005994662664	0.014634540270383	0.763325915235029	0.101537823346397	0.0104957264855275
ENSG00000095787_WAC	6104	0.534967905282969	0.0711400123536507	0.338638737806885	0.0450219354800079	0.0102314090764877
ENSG00000107951_PAPD1	5750	0.0208589793845666	0.474002543444971	0.0196137255022397	0.445665349999509	0.0398594016687144
ENSG00000119979_FAM45A	4983	0.189080531665551	0.0384168239541222	0.631585275493482	0.12831102447532	0.0126063444115239
ENSG00000120616_EPC1	4714	0.396232974746562	0.211887461841221	0.240926461977123	0.128814429135743	0.0221386722993499
ENSG00000127884_ECHS1	3787	0.613902201040428	0.0788292218534588	0.264978096225759	0.0340167176740078	0.00827376320634619
ENSG00000134463_ECHDC3	5742	0.497298890340035	0.0607827803153731	0.387264990705917	0.0473264663678822	0.00732687227079264
ENSG00000138185_ENTPD1	5153	0.0379552553106578	0.00529873016587697	0.758325463783587	0.105773114171797	0.0926474365680815
ENSG00000148484_RSU1	5385	0.339715186471988	0.177923754902753	0.299680226553865	0.156929938171145	0.0257508939002485
ENSG00000151640_DPYSL4	6598	0.172022459496479	0.0382690796702631	0.640189690156169	0.142413077859836	0.00710569281725247
ENSG00000151893_C10orf46	4688	0.501414646840938	0.10515313247303	0.316572818651788	0.0663789314598117	0.0104804705744319
ENSG00000156398_SFXN2	3160	0.384273733164715	0.137028423118504	0.340280222604264	0.121323654301011	0.0170939668115069
ENSG00000165730_STOX1	5590	0.200466876886521	0.0308549691037495	0.659231279241545	0.101457954327318	0.00798892044086681
ENSG00000165983_PTER	5425	1.62436052821932e-09	1.91010723689646e-09	0.458334251691471	0.538958660089831	0.00270708468422923
ENSG00000166169_POLL	3121	0.273814957402688	0.0374341697856767	0.597351223416441	0.0816561645106632	0.00974348488453086
ENSG00000173915_USMG5	3771	3.36254768751033e-10	1.2351382893786e-10	0.335399364651223	0.122657677095984	0.541942957793024
ENSG00000183605_SFXN4	5022	0.540068351356706	0.109832338850679	0.28174090149068	0.0572858641915546	0.0110725441103814
ENSG00000188690_UROS	5146	0.0109892420234672	0.00153287431069216	0.858885207229317	0.119795923826285	0.00879675261023856
ENSG00000197771_C10orf119	5330	0.130884238901115	0.0142478576557784	0.762739943724937	0.083021594946636	0.00910636477153392
ENSG00000205703_C10orf139	5751	0.315159177018597	0.30426423607209	0.177968596626578	0.171785462848296	0.0308225274344388
ENSG00000014138_POLA2	2913	0.0513181137493796	0.543666414944696	0.0299243684897403	0.316961982252837	0.0581291205633471
ENSG00000066336_SPI1	2661	0.124434343066401	0.0109276312954727	0.766273572540531	0.067261855808247	0.0311025972893482
ENSG00000074319_TSG101	5067	0.00578036851272721	0.000463073352026794	0.909493315771998	0.0728493591718807	0.0114138831913676
ENSG00000078124_PHCA	4145	1.48642667007955e-12	0.000929230134598259	1.59803167153787e-09	0.998999216557101	7.15517087818836e-05
ENSG00000099834_MUPCDH	4582	0.499864983295382	0.0613464358897227	0.384100389608664	0.0471315523481409	0.00755663885809027
ENSG00000110074_FOXRED1	5590	0.0122530557420847	0.0019105838774518	0.837633986684894	0.130592257646909	0.0176101160486598
ENSG00000110076_NRXN2	2753	0.0539408603904595	0.696017987837395	0.0137428071841504	0.177269269626804	0.0590290749611909
ENSG00000110080_ST3GAL4	5604	0.549682721955664	0.0767064587069893	0.321025729876696	0.0447903149515122	0.00779477450913799
ENSG00000110315_RNF141	6137	0.427499490200593	0.156498444433153	0.293889851393303	0.107572265725278	0.014539948247673
ENSG00000110455_ILMN_3829	5237	0.39982066961784	0.061817982470133	0.459109671872509	0.0709766334535426	0.00827504258597479
ENSG00000110768_GTF2H1	5068	0.139018109132715	0.0155828856792127	0.754260766210495	0.0845403677399324	0.00659787123764546
ENSG00000120451_SNX19	5093	0.238774699747591	0.0574668763066739	0.560076299207429	0.134786941406041	0.0088951833322651
ENSG00000131626_PPFIA1	4972	0.0114384650124802	0.00115239723516088	0.886237227929744	0.0892743248275898	0.0118975849950253
ENSG00000134627_PIWIL4	4275	0.584514469032904	0.0959072690904627	0.266076457866848	0.0436480328941954	0.00985377111558956
ENSG00000134809_TIMM10	4876	0.00576552185051151	0.00093858887208082	0.848278109346648	0.138087142111534	0.00693063781922612
ENSG00000149084_HSD17B12	5781	3.07558614978326e-05	5.88880321768326e-06	0.832765672614309	0.159441302551667	0.00775638016930836
ENSG00000149089_APIP	5293	3.31456153914199e-05	3.16583273832833e-06	0.897319511155248	0.0856886031130178	0.0169555742836048
ENSG00000159063_ALG8	3884	0.192835585386499	0.0301984785654878	0.665722555127346	0.104246625683178	0.0069967552374892
ENSG00000165434_PGM2L1	3896	0.501166471605272	0.178248025026717	0.224383444712173	0.0797892168934568	0.0164128417623809
ENSG00000165526_RPUSD4	5579	0.436947747075876	0.0899324226743777	0.384438070427871	0.0791153341447285	0.00956642567714647
ENSG00000166435_XRRA1	3987	0.000861418214274335	0.000310972416725157	0.724765272010115	0.261628200412805	0.0124341369460798
ENSG00000166439_RNF169	4096	0.00527113970454451	0.001911526362923	0.39919523754751	0.144314873447039	0.449307222937984
ENSG00000166788_SAAL1	4887	0.385920552648564	0.0442529976768353	0.504891667389195	0.0578882109646884	0.00704657132071709
ENSG00000166796_LDHC	5043	0.0856251086466185	0.0074964688905445	0.824361185249219	0.0721623766836446	0.0103548605299733
ENSG00000168000_BSCL2	4095	0.0235461969500416	0.61539889707166	0.0106020594104538	0.277019962781111	0.073432883786734
ENSG00000168002_POLR2G	4021	0.0250526465017656	0.65471978421956	0.00992690667979114	0.259376446017639	0.0509242165812442
ENSG00000168071_CCDC88B	2908	0.015165362611805	0.19570397952244	0.0208517793479125	0.268585610061763	0.499693268456081
ENSG00000172890_NADSYN1	4918	0.06650066531203	0.19024831972875	0.187993397548817	0.537803149821781	0.0174544675886226
ENSG00000173113_ILMN_22312	2938	0.0468681946404796	0.604904886109481	0.0206652722743535	0.266655665190398	0.0609059817852882
ENSG00000173715_C11orf80	2663	0.65635998556985	0.0574373263065561	0.255893780808793	0.0223850539503821	0.00792385336441846
ENSG00000173992_CCS	2433	0.408536985744526	0.0372658609905782	0.500388100181181	0.0456361482542645	0.0081729048294505
ENSG00000175390_EIF3F	6007	0.477639849221685	0.139235356367875	0.285205601184708	0.0831246327376648	0.0147945604880665
ENSG00000175567_UCP2	3660	0.269542002929038	0.0859594259873599	0.480191211674856	0.15312621663271	0.0111811427760362
ENSG00000175575_PAAF1	3630	0.328583867450551	0.0751837835868841	0.475987269273905	0.108900039200209	0.0113450404884515
ENSG00000175581_MRPL48	3597	0.463596556023297	0.0771170006544019	0.385684808078369	0.0641473113175289	0.00945432392640263
ENSG00000176148_TCP11L1	4528	0.0713726345895546	0.00638102966376969	0.840661103558291	0.0751523933672088	0.00643283882117573
ENSG00000177042_TMEM80	5079	0.507383997379054	0.0668197197466613	0.368687874140406	0.0485456300048671	0.00856277872901172
ENSG00000177685_EFCAB4A	5443	0.516202581083641	0.0710864528169551	0.356228148877504	0.0490488792716672	0.00743393795023244
ENSG00000177697_CD151	5459	0.000293191670867375	4.04342160714221e-05	0.872043220680853	0.120256568281466	0.00736658515074364
ENSG00000179057_IGSF22	4903	0.592986819200331	0.048939811031572	0.325901297372137	0.0268916883037535	0.00528038409220719
ENSG00000182919_C11orf54	4740	0.136915832533127	0.0130481508298886	0.700400207516422	0.0666655377709789	0.0829702713495839
ENSG00000184524_CEND1	5351	0.432982177346154	0.0591851022572851	0.439574119428937	0.0600779859045778	0.00818061506304664
ENSG00000185187_SIGIRR	3913	0.596343269588716	0.0544241641445155	0.314288271064951	0.0286766694096701	0.00626762579214761
ENSG00000196655_TRAPPC4	4321	0.000170563414015367	2.65773783886134e-05	0.859317597231969	0.133893219176802	0.00659204279882486
ENSG00000197345_MRPL21	4420	0.000510055627189372	5.44885223968409e-05	0.891041649953189	0.0951755029106831	0.0132183029865414
ENSG00000202477_SNORD25	4053	0.288542311343474	0.329357679107901	0.165477356470877	0.188856969516615	0.0277656835611322
ENSG00000205339_IPO7	4846	0.316083916263935	0.0744096086896868	0.480400020172016	0.113075384456301	0.0160310704180608
ENSG00000213931_HBE1	8221	0.453050892649303	0.0956940335318999	0.364429412233499	0.0769654221407579	0.00986023944454008
ENSG00000010626_LRRC23	5001	0.000261959878025621	7.61774251563531e-05	0.770112107317183	0.223941500972061	0.00560825440757362
ENSG00000076067_RBMS2	2558	0.281020193848446	0.0287805661766399	0.619678665006777	0.0634570690257491	0.00706350594238813
ENSG00000089127_OAS1	3868	0.00184449754995626	0.000458480196516945	0.793906966723916	0.197332173512958	0.00645788201665273
ENSG00000089163_SIRT4	4605	0.511842934634241	0.0628447642918975	0.371594460742527	0.0456167668642463	0.00810107346708823
ENSG00000110906_KCTD10	3675	1.41848510632494e-05	2.87301876081094e-06	0.825239164143875	0.167137440880484	0.00760633710581649
ENSG00000110931_CAMKK2	4696	0.305506901647248	0.0264885836338614	0.602420430115288	0.0522187245201003	0.013365360083502
ENSG00000111321_LTBR	4732	0.48965106155647	0.148628185311014	0.254023353262493	0.0770753683077821	0.0306220315622415
ENSG00000111358_GTF2H3	4459	0.595181303805003	0.0699706389028897	0.292696451353391	0.034402198578027	0.00774940736068856
ENSG00000111364_DDX55	4395	0.305697345072695	0.0354186215983463	0.581880303987855	0.0674080598471924	0.00959566949391145
ENSG00000111371_SLC38A1	3524	0.0198178865358813	0.00114559846531264	0.919078885182463	0.0531217032069635	0.00683592660937908
ENSG00000111581_NUP107	4878	0.44047025584002	0.112510430665601	0.335796720271505	0.0857479302671728	0.025474662955701
ENSG00000111666_CHPT1	4476	0.0424114005957061	0.00367215497641014	0.870577127782553	0.0753702095720631	0.00796910707326711
ENSG00000111711_GOLT1B	5340	0.594449346537656	0.0442834016395663	0.331812579461258	0.0247135798391545	0.00474109252236549
ENSG00000111725_PRKAB1	4446	0.58890323646825	0.0869779824312259	0.268948542888866	0.0397068546301229	0.0154633835815349
ENSG00000111780_ILMN_16367	4586	0.430136989902835	0.0426654135903568	0.473862950258465	0.046996265981872	0.00633838026647069
ENSG00000123297_TSFM	3728	0.202155709384478	0.0359934960046368	0.617411169197928	0.109894511648508	0.034545113764449
ENSG00000123427_FAM119B	3732	0.00142115810864077	0.000252988306345821	0.809721142731148	0.144098484808132	0.0445062260457335
ENSG00000127337_YEATS4	5135	0.0957898189985283	0.0183086647564901	0.735502776975835	0.140569555054155	0.00982918421499087
ENSG00000134545_KLRC1	5633	0.4310924184867	0.197664525149482	0.241873151943204	0.110885209443492	0.0184846949771218
ENSG00000135426_KIAA0748	4188	0.533246030247861	0.0607209292019943	0.357899330033974	0.0407467464897807	0.00738696402638959
ENSG00000136026_CKAP4	4425	0.592403864596402	0.104892695829761	0.248874322862587	0.0440566156641417	0.00977250104710832
ENSG00000136048_ILMN_20048	4376	0.631212127718617	0.0532734281632321	0.285861847153858	0.0241208116580641	0.00553178530622874
ENSG00000139187_KLRG1	5231	0.198352110328582	0.0822221812454704	0.429920010451017	0.178101779504687	0.111403918470243
ENSG00000139190_VAMP1	4669	0.132603691676037	0.0397366968121201	0.630982605625387	0.189075856305838	0.00760114958061774
ENSG00000139192_TAPBPL	4683	0.0286601635739684	0.00863119719951891	0.734926841592184	0.221321603081515	0.00646019455281397
ENSG00000139197_PEX5	4767	0.0507081594534784	0.0147632417580204	0.719012588280099	0.209328104291426	0.00618790621697598
ENSG00000150045_KLRF1	5450	0.371684551962372	0.258769332923712	0.203305931615823	0.141518261303502	0.0247219221945903
ENSG00000155957_TMBIM4	3866	0.636452883734241	0.0389793218133657	0.301511727898129	0.0184613797358108	0.00459468681845277
ENSG00000157895_C12orf43	4516	0.446091683732694	0.037886901211587	0.469830604347429	0.0398967715013684	0.00629403920692184
ENSG00000165714_LOH12CR1	5028	0.0709354700997682	0.461931166813531	0.0571473978036794	0.37210547897381	0.0378804863092109
ENSG00000166888_STAT6	2833	0.0690622850092583	0.0118370308089231	0.230454465148804	0.0388492813748331	0.649796937658181
ENSG00000166896_XRCC6BP1	3776	0.282267526937245	0.0492846325669479	0.497926258786411	0.086855533001203	0.0836660487081933
ENSG00000171840_NINJ2	4180	0.43434486497289	0.264124378695778	0.172501279524634	0.104873580794197	0.0241558960125016
ENSG00000176422_SPRYD4	2682	0.00342365011220053	0.000355862582159098	0.896486742578411	0.0931764715499111	0.00655727317731895
ENSG00000177627_C12orf54	4568	0.410057140324559	0.0457643607394481	0.482424239491165	0.0538329578208636	0.00792130162396468
ENSG00000184752_NDUFA12	6518	0.286364042363756	0.0351672235991042	0.596018880705964	0.0731854323505134	0.00926442098066218
ENSG00000185163_DDX51	5710	0.513057659563696	0.0681809832224095	0.363240246153454	0.0482642710614724	0.00725683999896823
ENSG00000185480_C12orf48	4306	0.49912704561628	0.0417216911583514	0.417160257188432	0.0348630149250356	0.0071279911119011
ENSG00000186081_KRT5	4834	0.570527960059886	0.077033278157035	0.303273198849962	0.0409400369959042	0.00822552593721262
ENSG00000186611_ILMN_34849	5136	0.339722382775657	0.237708578182233	0.234933691926554	0.164363170125349	0.0232721769902062
ENSG00000032742_IFT88	5336	0.369779319564277	0.0326375521863395	0.541361426631378	0.0477733254509157	0.0084483761670899
ENSG00000102796_DHRS12	3464	0.310789837422003	0.0265831890217729	0.602357972437539	0.0515135078242682	0.00875549329441705
ENSG00000122034_GTF3A	5786	0.42836410372948	0.0877673206454612	0.387329834268646	0.0793426322795269	0.0171961090768861
ENSG00000136111_TBC1D4	5585	0.0260520130515984	0.00491266535197006	0.80849578593151	0.152451117974264	0.00808841769065786
ENSG00000139617_ILMN_28859	4414	0.00158260323667789	0.000129780255423058	0.915018701080336	0.0750272175953997	0.00824169783216334
ENSG00000151287_C13orf27	5352	0.331538312874192	0.216571233235574	0.25940865353339	0.169430824567774	0.0230509757890693
ENSG00000169062_UPF3A	2695	0.682788795674468	0.0720913687213775	0.215218691015141	0.0227164013906051	0.00718474319840814
ENSG00000174032_SLC25A30	4106	0.580257428785586	0.0597022360013815	0.31990681048556	0.0329077373834516	0.0072257873440211
ENSG00000089916_C14orf118	4530	0.0505773309055235	0.00787101704317653	0.791198086416812	0.123101697628126	0.0272518680063617
ENSG00000092020_PPP2R3C	5012	0.19052409305622	0.0910503835721708	0.454667612317429	0.217236552058545	0.0465213589956359
ENSG00000092094_OSGEP	5672	0.0721755325027002	0.00919917627829931	0.808355263361334	0.103022162591439	0.00724786526622743
ENSG00000092203_TOX4	6667	0.410087487572306	0.0546630150937119	0.466418427106904	0.0621650370633241	0.00666603316375397
ENSG00000100439_ABHD4	5985	0.519383017650361	0.0688058100601437	0.357248138014185	0.0473195783561318	0.00724345591917867
ENSG00000100445_C14orf124	5434	0.259114900319295	0.0370049511223484	0.607499711673267	0.0867491661183775	0.00963127076671209
ENSG00000100490_CDKL1	4198	0.0714189897826989	0.00823012367987162	0.799486175492087	0.0921017772021556	0.0287629338431864
ENSG00000100744_C14orf129	5776	0.111803571437972	0.0382277132649178	0.625362889286268	0.213812368993738	0.0107934570171041
ENSG00000100814_CCNB1IP1	5438	0.384766750012523	0.0479126378858429	0.498316903694899	0.0620453821068355	0.00695832629989955
ENSG00000100908_C14orf122	5071	0.491307317956518	0.0707575344405381	0.3760648110251	0.054152718926748	0.00771761765109632
ENSG00000100931_CHMP4A	5141	0.56082776232451	0.0813164069666013	0.305669187137707	0.0443121854394339	0.00787445813174762
ENSG00000119599_WDR21A	5250	0.386457917861359	0.0551016647279579	0.481740848652144	0.0686792066329629	0.00802036212557622
ENSG00000119632_FAM14A	6091	0.555650030746128	0.0636031258673997	0.335797529612803	0.0384309357029553	0.00651837807071436
ENSG00000119684_MLH3	3623	0.00105086204371955	0.000131912114893352	0.876041520431756	0.109954505515525	0.012821199894106
ENSG00000119718_EIF2B2	3665	0.0056861830788008	0.000721769218600215	0.870374337538091	0.110467231750198	0.01275047841431
ENSG00000125375_ATP5S	4206	0.579283813217213	0.0677071552112721	0.307902928696134	0.0359788131767431	0.00912728969863841
ENSG00000129514_FOXA1	4329	0.63022705715614	0.0774240123735674	0.253766842113465	0.0311680915621904	0.0074139967946373
ENSG00000134007_ADAM20	4780	0.600001906068672	0.0647282101895341	0.296708318490805	0.0320023364263468	0.00655922882464208
ENSG00000139998_RAB15	4446	0.53961831059185	0.0616558232612484	0.351045830013858	0.0401022910772116	0.0075777450558317
ENSG00000140092_FBLN5	5089	0.476582935375002	0.0688565891928497	0.389459788165419	0.0562602171278627	0.00884047013886672
ENSG00000140104_C14orf79	4891	0.581780633472714	0.0579096716012972	0.322241847200444	0.032069527184982	0.00599832054056198
ENSG00000155465_SLC7A7	5881	0.49580501861114	0.0669736118963329	0.378649279182464	0.0511407194482447	0.00743137086181834
ENSG00000157326_DHRS4	4912	0.523052290222485	0.0805670525182133	0.335945758968178	0.0517378684895798	0.00869702980154396
ENSG00000165501_PPIL5	4036	0.527490883022541	0.072708470267011	0.341287612126567	0.0470310375942796	0.0114819969896015
ENSG00000165819_METTL3	6625	0.449824961049184	0.0601441345765553	0.42535839249918	0.0568650088521831	0.00780750302289842
ENSG00000166166_C14orf172	4783	0.416130925537521	0.0818044589624724	0.406971292391078	0.0799887219452689	0.0151046011636589
ENSG00000177465_ACOT4	4916	0.489959550955489	0.0753749436061743	0.368929999094511	0.0567468758529038	0.00898863049092209
ENSG00000182512_GLRX5	6492	0.287965313484838	0.0552403680222924	0.541321533771093	0.103830033115655	0.0116427516061214
ENSG00000183648_NDUFB1	5353	0.370120398129668	0.064897058307331	0.473682706216148	0.08304746235953	0.00825237498732274
ENSG00000184990_SIVA1	4732	0.368365072771225	0.0361648392128268	0.533893464050735	0.0524066878946348	0.00916993607057829
ENSG00000187630_DHRS4L2	4972	0.546491340196629	0.0817018553155473	0.316320851352003	0.0472825742227106	0.0082033789131097
ENSG00000197195_CHURC1	4473	5.3408448488248e-09	6.07749730692934e-10	0.89260962682925	0.101566731957464	0.00582363526469152
ENSG00000198805_NP	5684	0.524257225890979	0.0669060482649651	0.35636815254265	0.0454729398573703	0.00699563344403487
ENSG00000198894_KIAA1737	5953	0.302464392747937	0.0444321013072418	0.561093244512902	0.0824151546513917	0.00959510678052703
ENSG00000205659_LIN52	4237	0.000328834516531859	4.47601186523209e-05	0.873944438119363	0.118952366172466	0.00672960107298738
ENSG00000051180_RAD51	3631	0.00061537051577127	5.45073214388498e-05	0.91171487964407	0.0807495806281245	0.00686566189059592
ENSG00000064726_BTBD1	2439	0.573481738214033	0.151455064632118	0.20273051830408	0.0535218020261588	0.0188108768236113
ENSG00000074696_PTPLAD1	3760	0.08155097445451	0.00712725968368883	0.828316138814868	0.0723812048724847	0.0106244221744482
ENSG00000103657_HERC1	4225	0.511406733489632	0.12021113764639	0.286155850444674	0.0672487444185806	0.0149775340007238
ENSG00000103671_TRIP4	3482	0.493679930643376	0.0776940601935834	0.359128822718489	0.0565057662558188	0.0129914201887323
ENSG00000103811_CTSH	5399	0.274498941397033	0.0290702619006398	0.6234715046002	0.066020565182827	0.00693872691930033
ENSG00000103932_RPAP1	3731	0.158478874887069	0.0113799052723421	0.765770454782121	0.0549783480120086	0.00939241704645935
ENSG00000104047_DTWD1	4149	0.130707610687699	0.0209431803157887	0.722911884291321	0.115822002021421	0.00961532268377102
ENSG00000104055_TGM5	2116	0.128685728610634	0.00927657476052927	0.775557930018845	0.0558770818472936	0.0306026847626988
ENSG00000136371_MTHFS	5523	0.379261133577531	0.110796154813042	0.384010520681175	0.112169863497573	0.0137623274306794
ENSG00000137806_NDUFAF1	3786	0.162365377030832	0.0116336229445246	0.764189924466588	0.0547478210800115	0.0070632544780434
ENSG00000140264_SERF2	2015	0.645250750311595	0.0452878973654414	0.274642208532903	0.01926061921912	0.0155585245709402
ENSG00000140400_MAN2C1	2890	0.336119183441372	0.0202297975728411	0.602308893053284	0.0362456966913343	0.00509642924116801
ENSG00000140471_LINS1	6703	0.376993399184741	0.0786921943405592	0.440046699562165	0.091841278373062	0.0124264285394726
ENSG00000166140_ZFYVE19	3458	0.192906020099224	0.0172498623754524	0.718719316472089	0.0642617859848215	0.00686301506841342
ENSG00000166762_CATSPER2	1929	0.41115337802301	0.027835731275783	0.503183499859788	0.0340425306151661	0.0237848602262534
ENSG00000166938_DIS3L	4904	3.20992281477566e-08	0.152367774763255	1.75467046080689e-07	0.832887630477684	0.0147443871927858
ENSG00000168803_ADAL	2074	0.644132186067128	0.0459454386159804	0.278304959616126	0.0198394944031582	0.0117779212976073
ENSG00000168970_PLA2G4B	3458	0.164836609966684	0.0116570564462367	0.745434641810615	0.0526909041342745	0.0253807876421893
ENSG00000169118_CSNK1G1	3492	0.583649878565376	0.0935986100361386	0.268770642716443	0.0430912500384639	0.0108896186435786
ENSG00000171763_SPATA5L1	3607	0.351234985312187	0.028123576831451	0.560419995005858	0.0448577709716414	0.0153636718788629
ENSG00000172345_STARD5	4213	0.549446704279688	0.141120954830221	0.235617490286473	0.0605031404679113	0.0133117101357078
ENSG00000188659_ILMN_4387	2560	0.625594673309327	0.141107453336271	0.180548385282873	0.0407119710754574	0.0120375169960709
ENSG00000047578_KIAA0556	4343	4.42378541177521e-05	0.657316803148749	1.92635160667262e-05	0.286174273742006	0.0564454217390601
ENSG00000063854_HAGH	5471	0.119031045383398	0.0207641859788298	0.726552203602268	0.126735354356654	0.00691721067884973
ENSG00000070761_C16orf80	5586	0.52580543014158	0.0782156995468887	0.337655526323027	0.0502195311321028	0.00810381285640154
ENSG00000086504_MRPL28	4268	0.516139919935603	0.0500887774957431	0.389789269065682	0.0378209226203956	0.00616111088257699
ENSG00000090857_ILMN_138245	2627	0.72958007450563	0.0508709928694271	0.200353861426385	0.0139647233448786	0.00523034785367973
ENSG00000090857_ILMN_8209	2627	0.684312492195347	0.0477146472709224	0.245081946126735	0.0170828740241411	0.00580804038285529
ENSG00000103042_ILMN_16502	5255	0.429649881451297	0.0378792939515977	0.483625903295212	0.0426317777984374	0.00621314350345597
ENSG00000103111_MON1B	8139	0.0540581844932586	0.00979084144935499	0.780536436355028	0.14135394415535	0.014260593547008
ENSG00000103126_AXIN1	4022	0.592941511498214	0.0542520366969324	0.317806057984864	0.0290721943234771	0.00592819949651284
ENSG00000103174_NAGPA	6770	0.376182004595535	0.0669449105141385	0.465987085868625	0.0829185505218644	0.00796744849983698
ENSG00000103202_DECR2	4340	0.390822999346017	0.0398714711932759	0.510179537155577	0.052041051307729	0.00708494099740092
ENSG00000103248_MTHFSD	7316	0.359354803603664	0.188706561855522	0.284535312170702	0.149398894825707	0.0180044275444055
ENSG00000103275_UBE2I	6397	0.0656782253274219	0.0114182954477905	0.778692788760049	0.135368511286154	0.0088421791785843
ENSG00000103540_ILMN_12815	4645	0.28724041296085	0.0366420233922267	0.593688162608063	0.0757275422112703	0.00670185882758997
ENSG00000118894_FAM86B1	6952	0.208067176730486	0.0372906911736402	0.634087020188838	0.113636875169968	0.00691823673706825
ENSG00000125124_BBS2	5415	5.88454496558236e-05	1.1855518831607e-05	0.826598259237088	0.16652690894086	0.00680413085356532
ENSG00000125170_DOK4	5506	0.484797720530937	0.092150170346826	0.347263252979195	0.0659978789478614	0.00979097719518056
ENSG00000127561_SYNGR3	5115	0.0786610095130578	0.0120588506781387	0.778772397391476	0.119375844070236	0.0111318983470918
ENSG00000127586_CHTF18	5329	0.415283137754598	0.0502642012581363	0.470575736614076	0.0569496678517124	0.00692725652147754
ENSG00000129925_TMEM8	4286	0.195083444472681	0.0190276475001269	0.710698853576844	0.0693128048207916	0.00587724962955604
ENSG00000130731_C16orf13	5097	0.551778173909483	0.0639441251402365	0.337829610015816	0.0391428820953663	0.00730520883909766
ENSG00000131148_COX4NB	7907	0.343261214581301	0.190417919685767	0.288690240207427	0.160128161067426	0.0175024644580798
ENSG00000132603_NIP7	3409	0.121319372686052	0.0133321216641149	0.771879640681088	0.0848153366702326	0.00865352829851294
ENSG00000135698_MPHOSPH6	8516	0.0906578456251789	0.0707315068389767	0.465132486890558	0.362887087010968	0.0105910736343186
ENSG00000140829_DHX38	3419	0.085929830861065	0.0086873541839734	0.814853346512894	0.0823720772516427	0.00815739119042523
ENSG00000141076_CIRH1A	3616	0.610596864320652	0.0691074263241802	0.280699757954298	0.0317617981123874	0.00783415328848206
ENSG00000153406_NMRAL1	5388	0.519757816007254	0.0876384296508166	0.327346628087612	0.0551851430834704	0.0100719831708478
ENSG00000155393_HEATR3	3992	3.91419025465488e-55	0.295207355473266	8.97886622498215e-55	0.677156450673919	0.0276361938528178
ENSG00000159461_AMFR	5555	0.000115429214907943	2.28104661938177e-05	0.830046389128541	0.164023263392727	0.00579210779763021
ENSG00000161981_C16orf33	3236	0.265783061229106	0.0190650964962043	0.661247280936833	0.0474259768949015	0.00647858444295559
ENSG00000162076_FLYWCH2	3844	0.428888371695528	0.0569103023719472	0.446033329572579	0.0591763193016271	0.00899167705831821
ENSG00000166451_CENPN	7481	0.00919714866656016	0.00324021234467376	0.724707566146785	0.25531141303436	0.00754365980762154
ENSG00000166501_PRKCB1	4991	0.421615291872016	0.0771621413391735	0.39633264131928	0.0725026366450075	0.0323872888245226
ENSG00000167515_TRAPPC2L	6802	0.435553417580754	0.0852321553720389	0.392402864132943	0.0767781182129793	0.0100334447012852
ENSG00000167526_RPL13	5022	0.351883581474274	0.0724375494429812	0.468097355558255	0.0963496873031038	0.0112318262213859
ENSG00000168748_CA7	3026	0.70910918933256	0.0538375902330367	0.215520315405764	0.0163577412985874	0.00517516373005144
ENSG00000168807_SNTB2	3581	0.407025229033252	0.0459194715086109	0.484288579474098	0.0546279723355045	0.00813874764853448
ENSG00000169682_SPNS1	2427	3.7084363737277e-07	0.0209899859439134	6.74373984049496e-06	0.3811020670144	0.597900832458209
ENSG00000171490_RSL1D1	7028	0.128404195717697	0.428020522636677	0.0930535313726625	0.310142796203862	0.0403789540691013
ENSG00000174177_ILMN_138331	6808	0.233467673337921	0.036026209112576	0.623211666040794	0.096156153220849	0.0111382982878597
ENSG00000175643_C16orf75	6200	0.0337883448019604	0.110955791556127	0.0962558435333998	0.315646214172293	0.443353805936219
ENSG00000178952_TUFM	2683	4.23271634930656e-06	0.239574458331252	3.92422578472327e-06	0.22157485211613	0.538842532610484
ENSG00000180185_FAHD1	5391	2.5420296553325e-05	4.37157694672696e-06	0.843772779569802	0.145094113049902	0.011103315506797
ENSG00000182108_ILMN_32084	6868	0.0790319534757552	0.258781270199906	0.149591674637575	0.489798368903951	0.022796732782813
ENSG00000186153_WWOX	10073	0.182771645493943	0.0581365039434755	0.568157641209944	0.180710910219426	0.0102232991332112
ENSG00000187741_FANCA	4394	8.30863250593306e-08	1.58671978296293e-08	0.831177994387184	0.158721985764184	0.0100999208951106
ENSG00000197912_SPG7	5257	0.00253505350938401	0.000535552434042185	0.805170973827731	0.170077795878747	0.0216806243500961
ENSG00000002919_SNX11	4302	0.068841787726757	0.0296854051896262	0.623525383312821	0.268862544706229	0.00908487906456634
ENSG00000005156_LIG3	4720	3.28435662140219e-07	0.347123682417464	5.91608827535796e-07	0.625243794242138	0.0276316032959084
ENSG00000006282_SPATA20	3882	0.0101455173916247	0.000779803764528793	0.912537292339119	0.070132947589242	0.00640443891548553
ENSG00000007312_CD79B	2565	0.069367728410134	0.00387766338178534	0.860883830815737	0.0481057324839163	0.0177650449084268
ENSG00000011052_NME1	4114	0.608975725063877	0.0528496772606066	0.305806350866396	0.026533428213338	0.005834818595783
ENSG00000011295_TTC19	4149	0.112115911829108	0.0137335798647226	0.773544073818574	0.0947490185276354	0.00585741595995938
ENSG00000012048_BRCA1	3110	1.11886312806461e-07	4.14607629536945e-05	0.00269113856470985	0.997232381715537	3.49070704879554e-05
ENSG00000035862_TIMP2	5894	0.462333698168243	0.140276576927816	0.290667794957726	0.0881729097927591	0.0185490201534562
ENSG00000055483_USP36	5969	3.19375359476291e-05	1.30198032714659e-05	0.704956723173133	0.287378290570515	0.00762002891713394
ENSG00000068097_HEATR6	2121	0.184142484182289	0.476413305700539	0.0781099352907122	0.202026662092472	0.0593076127339884
ENSG00000073584_SMARCE1	4167	6.77268951023997e-06	0.0632307404281597	9.9616754680212e-05	0.930028789506509	0.00663408062114116
ENSG00000091640_SPAG7	5877	0.539318361654936	0.0857026289297528	0.31633213501634	0.050259687318433	0.0083871870805378
ENSG00000108262_GIT1	2257	0.695023171820229	0.0221296799131917	0.270895607528973	0.00862204203935511	0.0033294986982514
ENSG00000108278_ZNHIT3	3560	0.262335715745235	0.0206353215769099	0.659339597742371	0.0518578065633135	0.00583155837217144
ENSG00000108352_RAPGEFL1	3652	2.00955062427578e-05	0.187616809310556	7.90595382228547e-05	0.738045923069407	0.0742381125755712
ENSG00000108384_RAD51C	3076	0.0640728860377641	0.00915772393397834	0.70556974822735	0.10072425582567	0.120475385975237
ENSG00000108395_TRIM37	2682	0.175364653137578	0.460258095651989	0.0896257419475583	0.235190130421234	0.0395613788416405
ENSG00000108433_GOSR2	2594	0.149440613582706	0.0609119993813864	0.52328042733897	0.213235989719577	0.0531309699773602
ENSG00000108559_NUP88	6197	0.332106429926474	0.0534976072815999	0.521999821272644	0.0840784054438757	0.00831773607540594
ENSG00000108592_FTSJ3	2615	0.0297632786070336	0.00156445729883727	0.89706677365058	0.047128347655566	0.0244771427879836
ENSG00000108639_SYNGR2	6181	0.356646868312145	0.146491252262785	0.34078647048876	0.139960543425008	0.0161148655113018
ENSG00000108651_UTP6	3409	0.411585384841256	0.0282638702468754	0.518323038387023	0.0355873828770091	0.00624032364783639
ENSG00000108666_C17orf75	4082	0.110778225757122	0.00911824661754944	0.808029769017571	0.0665040232633502	0.00556973534440724
ENSG00000108771_DHX58	3456	0.000934726315943833	0.346657508563085	0.00166330707929365	0.616828879710643	0.0339155783310335
ENSG00000108826_MRPL27	3785	0.0209372544637141	0.00157732618307352	0.833885823319527	0.062740651157857	0.0808589448758282
ENSG00000108960_MMD	4825	0.547626397064967	0.0583618567386387	0.348931920751328	0.0371786092946114	0.00790121615045503
ENSG00000125319_C17orf53	3775	0.279112505702267	0.0625548009159963	0.447320776750446	0.100142833504682	0.110869083126609
ENSG00000125445_MRPS7	4500	0.558523799668271	0.0566294402748856	0.341960394096916	0.0346635776352012	0.0082227883247255
ENSG00000126581_BECN1	2994	0.00175493284395218	0.65070381179817	0.000682699443941586	0.253041299575167	0.0938172563387689
ENSG00000132141_CCT6B	4706	3.07426340710299e-07	0.324918929218435	3.22894134292129e-07	0.340932694004028	0.334147746457063
ENSG00000132507_EIF5A	4860	1.2496078877005e-05	9.52179672580817e-06	0.564121432713804	0.429844796956583	0.00601175245401148
ENSG00000141560_ILMN_14939	4034	0.122523469356163	0.095396429486682	0.425366841112377	0.331163879692963	0.0255493803518146
ENSG00000141696_ILMN_21605	4247	0.00156495071495084	0.580419302930477	0.000951266922427242	0.35274787021635	0.064316609215795
ENSG00000141698_NT5C3L	4199	1.002003614333e-06	0.000371628257406019	0.00268781602390499	0.996870971505506	6.85822095698414e-05
ENSG00000141720_PIP4K2B	3464	0.0120232662549699	0.564584522178476	0.00784039175251268	0.368119065218009	0.0474327545960322
ENSG00000159199_ATP5G1	3956	1.21631994638602e-05	5.26722997477663e-06	0.692252793484008	0.299769633309975	0.00796014277657715
ENSG00000161326_DUSP14	3607	0.390239973280275	0.0487359758445326	0.486591623616729	0.0607553861981501	0.0136770410603129
ENSG00000161664_ASB16	3758	0.562315404636905	0.125502805256948	0.245386356690135	0.05475557967516	0.0120398537408517
ENSG00000166260_COX11	4629	0.0820699985896001	0.00886823261244971	0.812428112728805	0.0877796388350803	0.00885401723406506
ENSG00000166750_SLFN5	4663	7.08427683318971e-11	7.46577741463892e-05	9.4882020815129e-07	0.999915811672844	8.58166195854359e-06
ENSG00000167083_GNGT2	4040	0.292299055288252	0.122416538199304	0.380603715396409	0.15935371459299	0.0453269765230443
ENSG00000167720_SRR	5411	0.152864914100442	0.0407155716862473	0.630305943070208	0.167873755607432	0.00823981553567071
ENSG00000167895_TMC8	6082	0.426955123796252	0.174304445231743	0.270245203693926	0.110309428700055	0.0181857985780236
ENSG00000168646_AXIN2	4716	0.476841136589186	0.0437932561833471	0.433772893026469	0.0398320930623319	0.00576062113866588
ENSG00000170291_C17orf81	4919	0.000152802373998041	0.000116089052904807	0.566126629906297	0.430101753957069	0.00350272470973091
ENSG00000172057_ORMDL3	3297	1.41110558010538e-06	0.0131743996386359	3.16312919332749e-05	0.294624700625461	0.69216785733839
ENSG00000172301_C17orf79	3413	0.188026236714328	0.0129164074957637	0.741182913941146	0.0509083780533475	0.00696606379541523
ENSG00000176974_SHMT1	2892	0.0938893365879547	0.0065728914048444	0.830986880503033	0.0581643404508795	0.0103865510532881
ENSG00000177370_TIMM22	6085	0.000207869683709424	6.22613089819908e-05	0.764988050364372	0.229124270568975	0.00561754807396132
ENSG00000177602_GSG2	5859	0.279392438163098	0.0415981483353665	0.585451535391188	0.0871602414194243	0.00639763669092276
ENSG00000181031_RPH3AL	3391	0.523868522805655	0.0473124789210592	0.383784275455048	0.0346505749520512	0.0103841478661861
ENSG00000182534_MXRA7	5690	0.461088432980568	0.0641976976137729	0.40753675784078	0.0567312107424326	0.0104459008224465
ENSG00000185262_FAM100B	5525	0.417015536845254	0.0600580166812328	0.448346256943497	0.0645602048615889	0.0100199846684276
ENSG00000185504_C17orf70	6245	0.396917771055918	0.0468876079982367	0.490745765630797	0.0579639559471285	0.00748489936791932
ENSG00000187607_ZNF286A	4524	0.418101352022887	0.0651466175891297	0.439121514323338	0.0684126641400192	0.00921785192462587
ENSG00000187624_ILMN_7731	4220	6.72661593915742e-09	6.97149088163428e-10	0.888322241039229	0.0920464307135369	0.0196313208234702
ENSG00000205309_NT5M	3961	0.616425494518648	0.0536247376522898	0.297660098506328	0.0258879599513528	0.00640170937138139
ENSG00000213246_SUPT4H1	3434	0.551443209907081	0.0822411989781208	0.291782191183852	0.043484796387034	0.0310486035439122
ENSG00000214087_ARL16	6285	0.0253742701876463	0.00327311679311827	0.852582074621722	0.109968773365961	0.00880176503155223
ENSG00000066926_FECH	5329	0.467764452176973	0.143901181235341	0.284608028901108	0.0875394864311522	0.0161868512554261
ENSG00000082212_ME2	4533	0.484958393816925	0.0364072331150329	0.4365966742422	0.032767308175767	0.00927039065007501
ENSG00000091164_TXNL1	4286	0.577701011139597	0.05619877251396	0.327529783716943	0.0318553926103466	0.00671504001915342
ENSG00000101557_USP14	3604	0.498558359332928	0.0385000310933948	0.416128182030288	0.0321198552665793	0.0146935722768099
ENSG00000101752_MIB1	2426	0.209464735015862	0.234403579869742	0.251136315218165	0.281012590359976	0.0239827795362556
ENSG00000132199_ENOSF1	4943	0.157774126164007	0.0179336691057928	0.73433669931797	0.083463159478466	0.00649234593376485
ENSG00000141428_C18orf21	3966	0.436916380967893	0.0245831791077789	0.5042143311577	0.0283637881124952	0.00592232065413329
ENSG00000154889_MPPE1	5843	6.97564805351978e-10	0.508759593196432	6.10060716290527e-10	0.444893305049127	0.046347100446815
ENSG00000158270_COLEC12	3887	0.64060355262651	0.0546831352540513	0.275284799992688	0.0234928974618372	0.00593561466491277
ENSG00000166401_SERPINB8	5415	0.233776054912535	0.0271042044202675	0.653022764223722	0.0757016466893913	0.0103953297540843
ENSG00000167220_HDHD2	4311	0.545312613396691	0.0782394305403664	0.321362700963823	0.0460989416945488	0.00898631340457149
ENSG00000168461_RAB31	6435	0.449657534372728	0.125752414887038	0.322049102641919	0.0900526151594784	0.0124883329388368
ENSG00000172466_ZNF24	3830	0.670346117859688	0.0417992894391875	0.266921701939205	0.0166395525493124	0.00429333821260706
ENSG00000176014_TUBB6	5619	5.25927873911539e-10	0.383643890227268	7.97692358764961e-10	0.581850986980494	0.0345051214686177
ENSG00000177150_C18orf19	5365	4.73971367284191e-10	0.345743643222779	8.32775602688546e-10	0.607430525619409	0.0468258298510667
ENSG00000197563_PIGN	4977	0.0801026213128785	0.00869785632688698	0.807145997671256	0.0876266465631891	0.0164268781257897
ENSG00000198795_ZNF521	4479	0.57977089514605	0.0993886212919194	0.265265305817	0.0454636320355194	0.0101115457095115
ENSG00000215429_ILMN_33941	5415	1.10112105740097e-05	1.27549316934005e-06	0.882855947219222	0.102251507494213	0.014880258582822
ENSG00000064666_CNN2	6022	8.38025449295083e-07	0.552047685412144	5.78819423357107e-07	0.381229482900509	0.0667214148424738
ENSG00000065000_AP3D1	5842	8.62490769618012e-07	0.568164112133439	5.84299298412416e-07	0.38485904771656	0.0469753933599324
ENSG00000065268_WDR18	5858	1.88127265968224e-09	0.00123928481580204	1.51599268658985e-06	0.998657220601442	0.000101976708797256
ENSG00000073050_XRCC1	6105	0.000766605321193521	8.93346243138491e-05	0.888622316674348	0.103546624918402	0.0069751184617436
ENSG00000076924_XAB2	6422	0.42721389561783	0.053543622447082	0.45402977953509	0.056896197473959	0.00831650492603885
ENSG00000083828_ZNF586	4593	0.218304384479276	0.168835584074563	0.334479383964489	0.258665066620136	0.0197155808615366
ENSG00000095932_ILMN_32047	6058	0.512303028759558	0.096414561413199	0.321070143270589	0.0604150593884687	0.00979720716818449
ENSG00000104946_TBC1D17	4709	0.58482947863444	0.0712907735421507	0.300045305448034	0.0365682874115686	0.00726615496380721
ENSG00000104953_TLE6	6374	0.484560699907494	0.0937423080669632	0.345397512492607	0.0668105400637619	0.00948893946917373
ENSG00000105053_VRK3	4778	0.32451860627955	0.0351176857817732	0.570367672426083	0.0617138882082719	0.00828214730432234
ENSG00000105132_ZNF550	5281	0.206571771008185	0.161275782822578	0.345809874510146	0.269966099580719	0.0163764720783715
ENSG00000105198_LGALS13	4966	0.611344334526866	0.0618581866706793	0.291395592620938	0.0294786109640822	0.00592327521743442
ENSG00000105404_RABAC1	3610	0.373883009273066	0.0634477874764009	0.473214472521581	0.0802951348990774	0.00915959582987508
ENSG00000105697_HAMP	4938	0.544680278490986	0.0757544686752319	0.326142583596428	0.0453520408137676	0.00807062842358642
ENSG00000105698_USF2	4958	0.41138975083964	0.0576951101080856	0.453762491815215	0.0636241213542256	0.0135285258828344
ENSG00000118046_STK11	6464	8.72516228026839e-07	0.574768427745034	5.73570280052772e-07	0.377790906334777	0.0474392198336805
ENSG00000121289_CCDC123	5715	0.00122383961627627	0.0109782855521378	0.0988367239608322	0.886598924616618	0.00236222625413576
ENSG00000121406_ZNF549	5316	0.347954199260628	0.271691616060248	0.200774051985298	0.15674672638852	0.0228334063053057
ENSG00000125656_CLPP	5909	0.52732149051052	0.0821085350124361	0.33064453228637	0.0514757751264716	0.00844966706420227
ENSG00000125753_VASP	5148	0.00040719589898407	0.000179819518471958	0.689548873008999	0.304502484883351	0.00536162669019346
ENSG00000125910_EDG6	6257	0.454285827366629	0.0893522704506089	0.372730861589046	0.0733011113346015	0.0103299292591147
ENSG00000126246_TMEM149	4702	0.0155139622966269	0.00213999508294853	0.853895242533426	0.117775586312204	0.0106752137747937
ENSG00000129933_KIAA0892	4156	0.122898348864447	0.0510931931950291	0.57225349417752	0.237890165711695	0.0158647980513085
ENSG00000130312_MRPL34	5526	0.0258710375608827	0.398443775604065	0.0329317776240099	0.507151703131812	0.0356017060792306
ENSG00000141934_PPAP2C	4184	9.78783061714932e-07	0.644771469365111	4.43987536428517e-07	0.292413126234617	0.0628139816296725
ENSG00000141994_DUS3L	5761	0.0619942789262657	0.00896804820311569	0.762523922437057	0.110249903284462	0.0562638471490998
ENSG00000142046_BCKDHA	3860	0.567325370881321	0.103869951484693	0.26790097390353	0.0490373434764815	0.0118663602539748
ENSG00000160113_NR2F6	5498	0.0369643455980514	0.569141244787072	0.0211950637116306	0.326294688333799	0.0464046575694473
ENSG00000161558_TMEM143	5564	0.000185926558285851	0.503991858653978	0.000167921978472924	0.455146264747601	0.0405080280616622
ENSG00000167766_ZNF83	8275	0.230908496138888	0.0616519569651298	0.551825266399533	0.147327598073728	0.00828668242272191
ENSG00000167807_ILMN_19980	4801	0.00051263487533426	0.599900877106004	0.000263641013879792	0.30842981649882	0.0908930305059617
ENSG00000170866_LILRA3	8005	0.459293997594741	0.0941294418794555	0.362666639775499	0.0743166739570873	0.00959324679321715
ENSG00000170949_ZNF160	8169	0.256419769274071	0.0671037479424124	0.528475683315826	0.138289684236832	0.0097111152308595
ENSG00000175691_ZNF77	6465	0.496349091853214	0.0961070811890458	0.33166937348444	0.064208811293468	0.0116656421798329
ENSG00000176232_ZNF283	6224	0.516895443711713	0.0634150683048467	0.367807458827146	0.0451175162450448	0.00676451291124923
ENSG00000178229_ZNF543	5310	0.164595716611437	0.128195613437598	0.390066032645268	0.303790144740458	0.0133524925652395
ENSG00000182013_ILMN_30225	4528	0.326680549247998	0.144204566924234	0.35437105904705	0.156409482428484	0.0183343423522343
ENSG00000183617_MRPL54	5932	0.00171798907878073	0.000317200097049943	0.838254144010435	0.154765710525021	0.00494495628871319
ENSG00000186111_PIP5K1C	5913	0.425210378467709	0.0772738565324397	0.411271585804098	0.074729232520071	0.0115149466756816
ENSG00000188000_OR7D2	5257	0.479957565150575	0.08457830902643	0.347643017705006	0.0612352020461822	0.0265859060718068
ENSG00000188321_ZNF559	5084	0.260425251474482	0.360619766400394	0.145028666994774	0.200793029757194	0.0331332853731552
ENSG00000189052_ILMN_17361	5051	0.000227787781288823	0.61740349797111	0.000122937104961015	0.333163692559956	0.049082084582684
ENSG00000189144_ZNF573	4007	0.136946974169782	0.306791282782811	0.154451992988211	0.345950508145727	0.0558592419134693
ENSG00000196365_LONP1	5793	0.487297303553637	0.0698682084379523	0.378790361420068	0.0543008464419484	0.00974328014639397
ENSG00000196931_ILMN_36955	8342	0.410813905211216	0.123794636289766	0.347629153851533	0.104741526521444	0.0130207781260409
ENSG00000197256_ANKRD25	4428	0.000532955304495917	0.623652496597115	0.000273577916128505	0.320079358265246	0.0554616119170142
ENSG00000198046_ZNF667	6229	0.399803076602458	0.203757173386716	0.244351485289298	0.124504644541986	0.0275836201795422
ENSG00000007341_ST7L	4101	1.56593181935308e-05	1.6931797717361e-06	0.894133240040562	0.0966698901946556	0.0091795172668163
ENSG00000043514_TRIT1	4272	0.281545135282619	0.051663956634147	0.554353640411147	0.10171400520579	0.0107232624662964
ENSG00000049239_H6PD	3581	0.511454679270885	0.0650684129907932	0.364628840504357	0.0463764283827781	0.0124716388511867
ENSG00000049247_UTS2	4177	0.000171487847739099	0.648573129927555	7.76024225110233e-05	0.293437377306999	0.057740402495195
ENSG00000058799_YIPF1	5073	0.593755433550144	0.0669095544916582	0.299134989239867	0.0337026490727863	0.00649737364554464
ENSG00000064886_CHI3L2	5377	0.00656953774606638	0.000735169619887833	0.884196017250181	0.0989371332013933	0.00956214218247169
ENSG00000065135_GNAI3	4228	0.0234533925973139	0.00225149833473351	0.883058202571743	0.0847660866817707	0.00647081981443874
ENSG00000066185_ZMYND12	4003	0.167509097135353	0.233829924826086	0.239290589479403	0.334006049515135	0.0253643390440231
ENSG00000067533_RRP15	5369	0.522767775733652	0.0526244108820162	0.3788858308842	0.0381329478679003	0.00758903463223219
ENSG00000069275_NUCKS1	3473	0.19744492439499	0.0210761356021575	0.554188254183805	0.0589881778629173	0.168302507956131
ENSG00000081692_JMJD4	4745	0.00889205376397696	0.00341073421786793	0.709706432690323	0.272217053403638	0.00577372592419449
ENSG00000084072_PPIE	4269	0.0156838955312834	0.00286504420521102	0.82435661347028	0.150582232382841	0.00651221441038372
ENSG00000090686_USP48	5108	0.00648592342814832	0.00216832438935974	0.731013680087897	0.244370949862737	0.0159611222318583
ENSG00000097046_CDC7	4294	0.414694751406207	0.0841642456056858	0.408090030294223	0.0828135490420495	0.0102374236518351
ENSG00000116171_SCP2	3949	0.119431500819252	0.0101238199897662	0.796340433242319	0.0674965815395744	0.00660766440908916
ENSG00000116199_FAM20B	4828	0.39033610959293	0.0480257659159677	0.493067245087898	0.0606575785956955	0.00791330080750945
ENSG00000116455_WDR77	5320	0.00482109346936705	0.000559826255743017	0.883793068773127	0.10261800484041	0.00820800666135242
ENSG00000116698_SMG7	4741	0.0127022161970812	0.00166272339677407	0.866228903386876	0.113383565672335	0.00602259134693427
ENSG00000116791_CRYZ	3883	0.109887385504963	0.00744965596755779	0.819068481758809	0.055519485109381	0.00807499165928931
ENSG00000116885_C1orf102	3229	0.104678606274694	0.00682975998013034	0.820645977661493	0.0535287637384711	0.0143168923452121
ENSG00000117174_C1orf181	5254	0.305499068657544	0.0278827415875643	0.605538415443911	0.0552613587754111	0.00581841553556931
ENSG00000117289_TXNIP	404	0.943718951159923	0.0197053257904355	0.0342309696913717	0.000713128218415192	0.00163162513985461
ENSG00000117481_NSUN4	3607	0.0453065183398614	0.00344773525117605	0.875659006632835	0.066626935775767	0.00895980400036034
ENSG00000121310_ECHDC2	3944	0.270179498079765	0.0227044305973471	0.645916831662536	0.0542724466619437	0.00692679299840792
ENSG00000123473_STIL	4116	0.108945671595519	0.00922686891395444	0.806105814488716	0.0682635670314822	0.00745807797032808
ENSG00000131697_NPHP4	5510	0.30224150216025	0.195910873640321	0.292716985895493	0.1897177344643	0.0194129038396359
ENSG00000134184_GSTM1	4350	1.17318567630686e-06	1.21315551556176e-07	0.900326561128291	0.0930934442116327	0.00657870015884934
ENSG00000134262_AP4B1	3512	0.0522309871578213	0.617414604257191	0.0211469417763546	0.249915510331799	0.059291956476834
ENSG00000134697_GNL2	4249	0.153447552033161	0.0131829255368873	0.756557090405987	0.0649852069737804	0.0118272250501848
ENSG00000135778_C1orf57	6007	0.0507442184075894	0.0108186572866805	0.76333551969617	0.162730610206148	0.0123709944034126
ENSG00000142632_ARHGEF19	4589	0.158345120204652	0.0215793134721696	0.71497563122839	0.0974293913075609	0.00767054378722743
ENSG00000142684_ZNF593	2964	0.520075180273502	0.0459999981170106	0.392735142072791	0.0347304720691445	0.00645920746755273
ENSG00000142794_NBPF3	5346	0.364637556126463	0.127047903246518	0.366032083685563	0.127519024494424	0.0147634324470322
ENSG00000143155_TIPRL	4899	0.00406079857625865	0.000678807619241315	0.846909285987308	0.141563513255985	0.00678759456120642
ENSG00000143156_NME7	5729	0.0528892941281222	0.00772397934940772	0.814584493603187	0.118956487003261	0.005845745916022
ENSG00000143194_MAEL	5086	0.476424175531338	0.105394787423823	0.330555024895784	0.0731110281140106	0.0145149840350438
ENSG00000143198_MGST3	5149	0.404045584872734	0.053105102045417	0.473419144383627	0.0622158934978135	0.00721427520040844
ENSG00000143226_FCGR2A	5024	0.0174969865647837	0.0674350559900808	0.184298335407734	0.710282885852184	0.0204867361852182
ENSG00000143387_CTSK	2866	0.274796650873038	0.0427216511674242	0.543266916621768	0.08440495206732	0.0548098292704494
ENSG00000143437_ARNT	2874	0.0421472518531153	0.00658426772056563	0.768850052324758	0.120047823035066	0.0623706050664952
ENSG00000143537_ADAM15	2640	0.000453609230662079	0.540554886092978	0.000265549118279651	0.316305887595958	0.142420067962122
ENSG00000143569_UBAP2L	3410	0.197604820839861	0.23735110947846	0.245369722980313	0.294698481458689	0.0249758652426771
ENSG00000143653_SCCPDH	6965	0.507298572965591	0.065976250883602	0.371701593732354	0.0483346210852533	0.00668896133320008
ENSG00000143756_FBXO28	4132	0.00251586590267372	0.000276105208550114	0.892483292613194	0.0979393274474167	0.00678540882816559
ENSG00000153898_MCOLN2	4624	0.0153198552378653	0.00132362699413605	0.899587744834266	0.0777178311817275	0.00605094175200455
ENSG00000159479_MED8	3979	0.0722451686142011	0.0816712632515606	0.389099680828901	0.43984982276652	0.0171340645388172
ENSG00000160714_UBE2Q1	2846	0.000714576597753523	0.718959414491213	0.000220510952312242	0.221805143903314	0.0583003540554071
ENSG00000162384_C1orf123	4132	0.0866249429709264	0.00708059473268163	0.8317983469964	0.0679834541128482	0.00651266118714356
ENSG00000162437_RAVER2	4474	0.55334949400764	0.13085303210256	0.238496610491958	0.0563774377674587	0.0209234256303832
ENSG00000162551_ALPL	5318	0.467145630825921	0.162093076860345	0.26324465084605	0.0913260646150071	0.0161905768526762
ENSG00000162585_C1orf86	4606	0.194158377060939	0.223239087243879	0.259290466558809	0.298101339161099	0.0252107299752735
ENSG00000162600_OMA1	4718	0.259466963293805	0.0712299520184791	0.518070463897375	0.142213843884093	0.00901877690624829
ENSG00000162604_TM2D1	4385	0.0988364779696646	0.53699529655945	0.0497321172918574	0.270158724810488	0.0442773833685401
ENSG00000162606_L1TD1	4747	0.0715789978095832	0.569875123031621	0.0336816849948218	0.268099467795883	0.0567647263680904
ENSG00000162769_FLVCR1	4828	0.0449688560722111	0.0200494294143255	0.642485375304691	0.28644698296512	0.00604935624365292
ENSG00000162836_ACP6	2868	0.672008050752567	0.0640381281102672	0.234757283782976	0.0223640557791786	0.00683248157501163
ENSG00000162885_B3GALNT2	4755	0.330520915589223	0.0988005279885661	0.426506456938125	0.12747618319818	0.016695916285906
ENSG00000168653_NDUFS5	4330	0.00381677665149715	0.000609386121287256	0.844715362730658	0.134851150355698	0.0160073241408595
ENSG00000171488_LRRC8C	3881	0.316599713444927	0.0288006443492315	0.594051395484776	0.0540335309316235	0.00651471578944176
ENSG00000171806_C1orf156	5504	0.000443590826858887	6.07954903845046e-05	0.868380372861077	0.119002094117691	0.0121131467039881
ENSG00000175279_CORT	3334	0.669206755267094	0.0624413272024174	0.239330120610624	0.0223243538393853	0.00669744308047898
ENSG00000177000_MTHFR	4351	0.444590526221428	0.0717309934570319	0.408115697347582	0.0658363559556984	0.00972642701825921
ENSG00000177868_CCDC23	3917	0.103955754616763	0.145885710128184	0.282454497915088	0.396309499999477	0.0713945373404889
ENSG00000178028_DMAP1	3452	0.109248507811963	0.0117594057051186	0.788097687719834	0.084824016827261	0.00607038193582382
ENSG00000184022_OR2T10	3724	0.5654804622511	0.0338037081808053	0.371171383577483	0.022180793097158	0.00736365289345336
ENSG00000185523_ILMN_7435	4864	0.37969203292734	0.172593350544029	0.293318207870264	0.133310055418667	0.0210863532396999
ENSG00000197622_CDC42SE1	3148	0.475239151369259	0.0762853268387911	0.377543329081378	0.0605928668110458	0.0103393258995263
ENSG00000197747_S100A10	3276	0.392381983649337	0.0461082939291003	0.495622631067049	0.0582323126597087	0.00765477869480534
ENSG00000197780_TAF13	3968	0.442336244942008	0.0507087346189552	0.447291657468259	0.0512684204104394	0.00839494256033888
ENSG00000198216_CACNA1E	4608	0.400653947902571	0.0477275831762377	0.476801613806006	0.0567805770904983	0.0180362780246871
ENSG00000203666_EFCAB2	5733	0.048545921248924	0.00500681055230832	0.837627261645659	0.0863666995737387	0.0224533069793703
ENSG00000203965_ILMN_14353	4577	0.0124182775229784	0.367749642625275	0.0183402453443841	0.543061874653814	0.058429959853548
ENSG00000204138_PHACTR4	3242	0.14741196203271	0.0113906914403406	0.773551625967596	0.0597653412987428	0.00788037926060999
ENSG00000088766_CRLS1	5782	0.0035692938069297	0.00783767668480486	0.308213712040762	0.676791194113136	0.00358812335436808
ENSG00000088832_FKBP1A	6029	0.378805344184427	0.074212999157063	0.446218536651778	0.0874067827732685	0.013356337233463
ENSG00000088833_NSFL1C	6056	0.0858755816526367	0.0141123016578482	0.7427981601198	0.122032016963417	0.0351819396062976
ENSG00000100991_TRPC4AP	2987	6.34803995772867e-06	2.40419569143398e-07	0.958019500744683	0.0362774140592374	0.00569649673655249
ENSG00000100994_PYGB	4342	0.000636438210209001	5.34366639343191e-05	0.913063076051193	0.0766530638551394	0.00959398521952476
ENSG00000100997_ABHD12	4228	2.1751083316577e-06	1.74474719750205e-07	0.916886604714967	0.0735378133837966	0.0095732323181849
ENSG00000101052_IFT52	4516	0.548274114469374	0.113311005117194	0.270846127627007	0.0559637659883901	0.0116049867980356
ENSG00000101158_TH1L	4593	0.483352408642602	0.0989510811093301	0.336997703937589	0.0689778745263884	0.0117209317840906
ENSG00000101161_PRPF6	4175	3.39023644470833e-06	0.495030008674012	3.14758156486178e-06	0.459553014262881	0.0454104392450982
ENSG00000101182_PSMA7	6432	0.28241587715628	0.131898232349855	0.389155745412101	0.18173474164629	0.0147954034354742
ENSG00000101190_TCFL5	6351	1.94064105087941e-06	0.283365622843429	4.74963484515077e-06	0.693501952262216	0.0231257346184597
ENSG00000101220_C20orf27	5733	0.542980054020001	0.0762951525098157	0.327073559062748	0.0459500220702595	0.00770121233717576
ENSG00000101311_C20orf42	5804	0.193039186025443	0.424179807773236	0.107534589566397	0.236255009154852	0.0389914074800733
ENSG00000101343_CRNKL1	4175	0.00668115645120111	0.000842696729724656	0.873905408614487	0.110217658735555	0.00835307946903198
ENSG00000124193_SFRS6	4681	0.363313825520538	0.0752314610354413	0.454096516678843	0.0940165079925818	0.0133416887725954
ENSG00000125821_DTD1	5334	0.437701228535806	0.0527694614486553	0.44341953943135	0.0534462000700501	0.0126635705141376
ENSG00000125870_SNRPB2	5936	0.484771181341205	0.131415706390836	0.29213528962638	0.0791819094591139	0.0124959131824645
ENSG00000125878_TCF15	4676	0.581697349084868	0.0970175987072997	0.267367623727217	0.0445832101122867	0.00933421836832867
ENSG00000125977_EIF2S2	2539	0.0339492094276061	0.00122833672927141	0.914260610779268	0.033061912146145	0.0174999309177091
ENSG00000166948_TGM6	5586	0.542590553885512	0.0770402915201083	0.326156033242259	0.0463016966251906	0.00791142472693065
ENSG00000214078_CPNE1	2806	0.0962489008705668	0.0112995572920838	0.791332954393612	0.092893740520028	0.00822484692370997
ENSG00000154719_MRPL39	4650	0.436369766193929	0.0309419012020406	0.492753811392962	0.0349349548719207	0.00499956633914717
ENSG00000156261_CCT8	5022	0.340700924505816	0.129685124022233	0.366284562589925	0.139399404413007	0.0239299844690203
ENSG00000160188_RSPH1	7087	0.403025717089052	0.110695253438781	0.372198523538846	0.102216376267135	0.0118641296661861
ENSG00000160193_WDR4	6467	0.421035317656208	0.113340304273581	0.356053871374006	0.0958339332704326	0.0137365734257733
ENSG00000160194_NDUFV3	6363	0.28865768777716	0.0774265131246602	0.489671440298481	0.131331422601854	0.0129129361978451
ENSG00000160213_CSTB	5735	1.06786352117259e-08	0.416979698192069	1.39978264124495e-08	0.546551115963839	0.0364691611676296
ENSG00000182362_C21orf57	4417	0.22309491446677	0.0267989882806341	0.660110981608954	0.0792842677146202	0.0107108479290221
ENSG00000182852_C21orf121	7280	0.427468445173633	0.120297602569142	0.34290428354282	0.096486825580661	0.0128428431337433
ENSG00000185808_PIGP	5239	0.00362959535842609	0.000418894344406773	0.886970443820726	0.102359307740795	0.00662175873564676
ENSG00000025708_ECGF1	3834	0.381722214171919	0.170949954529922	0.296806749631727	0.132903911811075	0.0176171698553565
ENSG00000099940_SNAP29	2996	1.09509960658451e-05	0.158281050392643	5.64166043669726e-05	0.815395404564565	0.0262561774423601
ENSG00000100033_PRODH	5516	0.548070402226516	0.0745908480377859	0.325371516668272	0.0442744601348546	0.00769277293257099
ENSG00000100092_SH3BP1	4565	0.0752461374964058	0.0253603484032588	0.666173847478513	0.224513128486306	0.00870653813551601
ENSG00000100101_NOL12	4637	0.197380947684337	0.0709663612704138	0.530268652812653	0.190642090695968	0.0107419475366273
ENSG00000100162_CENPM	4146	0.466028101722521	0.119272470935908	0.320324230047238	0.0819694796604383	0.0124057176338946
ENSG00000100266_PACSIN2	5654	0.000239436884360814	3.12890240820481e-05	0.867753046756772	0.113377238288591	0.0185989890461934
ENSG00000100296_THOC5	3942	0.00418389295515702	0.203661796940438	0.0108902782368625	0.529861020674736	0.251403011192806
ENSG00000100299_ARSA	3549	0.45975687248952	0.20348039360101	0.220226777162116	0.0974494538928105	0.019086502854543
ENSG00000100304_TTLL12	6013	0.494303468333151	0.062355844176008	0.382514743046483	0.048241233521152	0.0125847109232063
ENSG00000100321_SYNGR1	3684	3.10973061469772e-08	0.00656845165368079	4.70054984256732e-06	0.992861460720886	0.000565355978283145
ENSG00000100330_MTMR3	4298	0.00507800292831858	0.246990426448318	0.0105233619189851	0.511623003527352	0.225785205177027
ENSG00000100347_SAMM50	7035	0.29261352208369	0.035241663189749	0.594011475847385	0.0715347033986478	0.00659863548052826
ENSG00000100417_PMM1	3528	0.0299253498091234	0.00704776909883983	0.727600111700914	0.171294184569912	0.0641325848212116
ENSG00000128408_RIBC2	6497	0.117259968865115	0.0160980593272474	0.753673461747389	0.103458708875708	0.00950980118453953
ENSG00000179750_APOBEC3B	3924	3.1715299886533e-06	0.669898558408693	1.24618275246823e-06	0.263154920019136	0.0669421038594296
ENSG00000184674_GSTT1	5043	0.000768331741764861	8.17372647561241e-05	0.897856969193839	0.0955107359848666	0.00578222581477289
ENSG00000184983_NDUFA6	4360	0.530321988038058	0.133117043519337	0.256066191799901	0.0642593842623186	0.0162353923803861
ENSG00000185838_GNB1L	4455	0.395181833606073	0.0375671398814268	0.512194895150525	0.048684371681358	0.00637175968061728
ENSG00000188130_MAPK12	5086	0.386180738148183	0.180593115666802	0.282326541385442	0.132007967052095	0.0188916377474782
ENSG00000189306_ILMN_12816	5197	0.411767454324602	0.0630281890578872	0.447027279280054	0.06841555858993	0.00976151874752681
ENSG00000035141_FAM136A	4522	0.421181425999292	0.0768055206911843	0.416667234447422	0.075972951901425	0.0093728669606763
ENSG00000068878_PSME4	5751	0.287619865318428	0.0415139465467612	0.579943104493208	0.0836995364620403	0.00722354717956232
ENSG00000079785_DDX1	5015	0.0783286484203763	0.012796957109249	0.773738891583585	0.126400996914559	0.00873450597223073
ENSG00000087338_GMCL1L	4226	0.189540124273494	0.0473594896918053	0.574628811857759	0.143534832429046	0.0449367417478951
ENSG00000115053_NCL	4571	0.475930599170924	0.166698623983557	0.251972941832246	0.0882384450147086	0.0171593899985649
ENSG00000115350_POLE4	4176	0.43956039121181	0.0350322261816179	0.480877611875925	0.0383189285510011	0.00621084217964587
ENSG00000115364_MRPL19	5615	0.42855506808392	0.0492756413826929	0.461819365666841	0.0530931430055609	0.00725678186098527
ENSG00000115750_TAF1B	5787	0.0649686948002098	0.012518648640268	0.768739191750222	0.148120700506589	0.00565276430271177
ENSG00000115816_CEBPZ	5910	0.284568209409729	0.0687552696197837	0.512787280167012	0.123885873050103	0.0100033677533721
ENSG00000115866_DARS	3318	0.233461732671211	0.0130912572587288	0.70777858758458	0.0396823665759048	0.00598605590957465
ENSG00000115934_PPIL3	3577	0.00106560426104042	8.75213657232277e-05	0.914353220137903	0.0750892466636675	0.00940440757166621
ENSG00000118640_VAMP8	4410	0.0382587066570985	0.00345965967232932	0.872317930263776	0.0788749077085778	0.0070887956982186
ENSG00000118961_C2orf43	4556	0.484197288993958	0.115309246277544	0.313886017264678	0.0747385704388417	0.0118688770249787
ENSG00000119878_CRIPT	6045	0.00100035575407562	0.000177487557589747	0.842989860710465	0.149560730814583	0.0062715651632862
ENSG00000123983_ACSL3	4895	0.392766408990049	0.0536675579823296	0.478233085815904	0.0653357178690777	0.00999722934263927
ENSG00000130414_NDUFA10	6653	0.453908572648831	0.0948839723529371	0.364171379984266	0.0761146007835106	0.0109214742304557
ENSG00000132305_IMMT	3842	0.00320645667820532	0.000303652170042477	0.903177095608954	0.085523284986237	0.00778951055656141
ENSG00000132313_MRPL35	3713	0.630384908818373	0.047520227989499	0.294545150359767	0.0221983094115785	0.00535140342078341
ENSG00000132329_RAMP1	5816	0.45989998776462	0.0737965998381225	0.394720566441056	0.0633295080547692	0.00825333790143298
ENSG00000135632_SMYD5	3167	0.707995718724747	0.0382641161633104	0.236935148333752	0.0128013195543685	0.00400369722382214
ENSG00000135899_SP110	5082	0.000253490938731163	0.407473239748374	0.000340936208345589	0.547992933466404	0.0439393996381457
ENSG00000135951_TSGA10	3439	0.00424036110762391	0.000338788742152041	0.916059437185207	0.0731834907365309	0.00617792222848605
ENSG00000136718_IMP4	2879	0.611092324774117	0.060850073860871	0.291625855299767	0.0290315094588965	0.00740023660634915
ENSG00000138035_PNPT1	5650	0.0192479473945896	0.00588001356209708	0.742110551354459	0.226699675536555	0.00606181215229993
ENSG00000138036_DYNC2LI1	5386	7.13121554047025e-05	0.611703152663584	3.8725643364554e-05	0.332125710726602	0.0560610988110448
ENSG00000138095_LRPPRC	5281	4.13788828264855e-05	0.354940836550564	7.15514559874763e-05	0.613724682665267	0.031221550445355
ENSG00000138399_FASTKD1	5492	0.558591256628993	0.0625287192999923	0.334545231056858	0.0374421088848287	0.00689268412932742
ENSG00000144120_TMEM177	4302	0.397306210975433	0.0428937039583611	0.4586811537514	0.0494681731882163	0.0516507581265895
ENSG00000144401_FAM119A	4337	0.524805174077846	0.0361609077882774	0.405664297217595	0.0279462622749036	0.00542335864137792
ENSG00000151665_PIGF	6000	0.048942106307878	0.00861266601964175	0.795937362227075	0.14005991188582	0.00644795355958449
ENSG00000151690_ILMN_5981	3442	0.070793886264159	0.131412868782839	0.273122266817987	0.506972134672638	0.0176988434623775
ENSG00000158089_GALNT14	4767	0.591580948595282	0.0533253313631455	0.320640125990239	0.0288970661941054	0.00555652785722812
ENSG00000163082_SGPP2	4551	0.213359225936498	0.0173557426847609	0.693753054247805	0.0564143430866817	0.0191176340442543
ENSG00000168385_SEPT2	5269	0.0899711058385778	0.270776785790767	0.150145877385833	0.451841343242446	0.0372648877423767
ENSG00000171103_ILMN_29305	4764	8.16405318249142e-05	0.000555267885899581	0.127962594982119	0.870320536051541	0.00107996054861528
ENSG00000171853_TTC15	6243	0.236367619791866	0.0331099261231629	0.635041972818236	0.0889489388542265	0.00653154241250765
ENSG00000172954_LYCAT	5412	0.348537228312759	0.0944713565947536	0.430138430414508	0.116579168412075	0.0102738162659037
ENSG00000173272_FAM128A	3770	0.477894498508019	0.0983606236444015	0.318831283041698	0.0655827760169941	0.0393308187888872
ENSG00000174501_ILMN_40651	2155	0.0602479242892129	0.00301406049488849	0.87323424738772	0.0436659967017843	0.0198377711263946
ENSG00000176732_PFN4	4751	0.0792591419465838	0.250914604615858	0.1534083430189	0.48562161916516	0.0307962912534987
ENSG00000182551_ADI1	6250	0.456093858577729	0.0649982708680462	0.412299500059017	0.0587492455358326	0.00785912495937478
ENSG00000183891_TTC32	5166	0.343893847171123	0.108943456939923	0.388865369542836	0.123155016486836	0.0351423098592814
ENSG00000196151_WDSUB1	5672	0.0448921976694242	0.00981944104490695	0.762406873334231	0.166748020073134	0.0161334678783038
ENSG00000196912_KIAA1641	2495	0.252339133949248	0.0174750948416349	0.668844657258535	0.046304071837227	0.0150370421133549
ENSG00000198369_SPRED2	4718	0.540234888019802	0.109770697429047	0.281736690729439	0.0572352489499176	0.0110224748717943
ENSG00000213639_PPP1CB	4670	0.0387121108868535	0.263271264985637	0.0857495708693864	0.583131986287052	0.0291350669710708
ENSG00000214587_ILMN_36450	3703	4.36279791245553e-08	7.75264273217789e-06	0.00559161716994724	0.993623293396693	0.000777293162649107
ENSG00000011376_LARS2	4387	0.308802127749032	0.0593278976413502	0.516838042323587	0.0992805672699699	0.0157513650160603
ENSG00000075975_MKRN2	5353	0.217152113908894	0.0266459138870633	0.654727926133366	0.0803180293827441	0.0211560166879333
ENSG00000113851_CRBN	7352	0.351571934749199	0.0960923508556394	0.425051187121392	0.116164728633663	0.0111197986401066
ENSG00000114316_USP4	2005	7.04124341126881e-09	0.612195234485965	2.70831639286022e-09	0.235319901533626	0.152484854230848
ENSG00000114383_TUSC2	2382	7.20795956769184e-09	0.626689136571901	2.96215143481823e-09	0.257425532281051	0.115885320976938
ENSG00000114491_UMPS	5029	0.147789949059308	0.0412190490522948	0.626854485807446	0.174822235250181	0.00931428083076974
ENSG00000114742_WDR48	4622	0.0722951154904238	0.0132649739505231	0.764701376984142	0.140300786211923	0.00943774736298794
ENSG00000121542_SEC22A	4194	0.381051551573796	0.0306389273982914	0.538883326973601	0.043323486328461	0.00610270772585039
ENSG00000129055_ANAPC13	4480	0.00014410578971074	1.56791844842082e-05	0.896594019521951	0.0975466824400872	0.00569951306376671
ENSG00000132182_NUP210	5130	0.0131902913362725	0.00147889391219587	0.878020984498401	0.0984347343476638	0.00887509590546631
ENSG00000144559_C3orf31	4900	0.301463111625976	0.0314956127923608	0.597121442692286	0.0623772236316797	0.00754260925769762
ENSG00000145088_EAF2	4893	0.00815718749665766	0.00094099059950211	0.84221878099088	0.0971044517167486	0.0515785891962118
ENSG00000154174_TOMM70A	3965	0.570114159980428	0.111971400379462	0.256022960172017	0.0502717294317134	0.0116197500363803
ENSG00000157017_GHRL	4921	0.509563247027257	0.0468604323182195	0.400985649500075	0.0368697032283767	0.0057209679260712
ENSG00000160124_CCDC58	4777	0.000586918334069973	7.12436695202316e-05	0.88516809840842	0.107440282272377	0.00673345731561279
ENSG00000163602_RYBP	4856	0.566675515765391	0.0577045579677245	0.335335656969001	0.0341410809599945	0.00614318833788934
ENSG00000163864_NMNAT3	4068	0.364209001948169	0.0628035829934106	0.481094936358231	0.0829502531860909	0.00894222551409829
ENSG00000164054_ILMN_5730	1696	3.63415284526211e-08	0.753748272624683	8.76235093970711e-09	0.1816726005624	0.0645790817090382
ENSG00000168297_PXK	4016	0.543420595438463	0.0564543705524981	0.355840602076067	0.0369599111265977	0.00732452080637407
ENSG00000168827_GFM1	4529	0.0904083307492185	0.00893372671536405	0.811503595768778	0.0801800004201874	0.00897434634645195
ENSG00000170819_BFSP2	4739	0.0310213382477549	0.0492082944592541	0.352597013966965	0.559307065588093	0.00786628773793261
ENSG00000172113_NME6	1606	0.017865474671375	0.500277147463194	0.0150403328809067	0.421120545593956	0.0456964993905687
ENSG00000173226_IQCB1	4924	0.231808408446127	0.0257978287669244	0.637891956342787	0.0709570961030793	0.0335447103410824
ENSG00000178252_WDR6	1916	3.38486515438539e-09	0.294294334487972	7.1004569248298e-09	0.617254973633754	0.0884506813929508
ENSG00000178750_STX19	1898	0.435456521196225	0.0135609538613994	0.528892627376819	0.0164651091847577	0.00562478838079881
ENSG00000180376_CCDC66	4919	0.0400022739542781	0.0247700928366593	0.165906204788122	0.102064705451899	0.667256722969042
ENSG00000182923_CEP63	4481	0.181839948055512	0.0199728742323008	0.713477081025994	0.0783603026348806	0.0063497940513123
ENSG00000184203_PPP1R2	6232	0.507200711256498	0.0946283634244544	0.327745275125377	0.0611381010820685	0.00928754911160153
ENSG00000196455_PIK3R4	3852	0.437123401090962	0.0227329264262965	0.50859037466063	0.0264445105637696	0.00510878725834147
ENSG00000197548_ATG7	5327	0.514591737290623	0.0559217549359851	0.38069844681917	0.0413638682412118	0.00742419271300994
ENSG00000213533_MUSTN1	3132	0.0637711593592252	0.346302490716466	0.086651887289945	0.470521094096517	0.0327533685378471
ENSG00000033178_UBE1L2	4302	0.0754511748601401	0.00478464613638767	0.859652424579143	0.0545082282268957	0.00560352619743307
ENSG00000038002_AGA	5282	0.074552266720755	0.00659730058557153	0.838526719593831	0.0741970204620236	0.00612669263781862
ENSG00000056050_C4orf27	4784	0.562069482068502	0.0433084889641849	0.36185112211637	0.0278764010079825	0.00489450584295958
ENSG00000059691_PET112L	3680	0.050487412336194	0.224901712814395	0.128498637678375	0.572387543202705	0.0237246939683309
ENSG00000078177_ILMN_7118	4992	6.55635674924296e-06	2.27719054635951e-06	0.738856843787177	0.256619382162023	0.00451494050350367
ENSG00000087008_ACOX3	7357	0.27884808873416	0.0673509382832036	0.519344364138262	0.125429631668796	0.00902697717557856
ENSG00000109181_UGT2B10	4987	0.487265967531639	0.0330698915898671	0.444564811987463	0.0301669061967152	0.00493242269431604
ENSG00000109323_MANBA	4185	1.77677456186506e-05	0.00356224404254163	0.00494265995550967	0.99095023045591	0.000527097800419956
ENSG00000109674_NEIL3	5383	0.490893477449516	0.0475496495255036	0.411490966532319	0.0398482284826128	0.010217678010048
ENSG00000109775_C4orf20	6495	0.319808090933444	0.186085908443532	0.300248382201307	0.174685579168116	0.0191720392536011
ENSG00000109814_UGDH	5388	0.109591757603869	0.0421067593772519	0.603780096987355	0.231968609095798	0.0125527769357265
ENSG00000118564_FBXL5	5624	0.0421854656672374	0.0060397226243185	0.827496680867877	0.118467467892507	0.0058106629480608
ENSG00000121895_TMEM156	5506	0.00499070676951145	0.00197956672338762	0.697790624374185	0.276760575763415	0.0184785263695014
ENSG00000125089_SH3TC1	8127	0.39561238280499	0.0998595970249653	0.394903895028354	0.0996708088011571	0.00995331634053342
ENSG00000128039_ILMN_17863	5268	0.429822051144366	0.131071456894515	0.322323619862368	0.0982719940748844	0.0185108780238656
ENSG00000132465_IGJ	5009	0.606100909926636	0.0522506036061136	0.309639647166628	0.0266880205041834	0.00532081879643891
ENSG00000138785_INTS12	3813	0.478943742945073	0.103629953196761	0.31656076358768	0.0684624412281844	0.0324030990423016
ENSG00000145214_DGKQ	4880	0.0244603678879592	0.00655296335043963	0.758527708384482	0.203203272301706	0.00725568807541286
ENSG00000145247_OCIAD2	2360	0.0410145072026804	0.0199268437175689	0.615633335286924	0.299080291270329	0.0243450225224978
ENSG00000145348_ILMN_16160	3944	0.00111306903320405	0.000238917629235042	0.815987440767385	0.175142251385844	0.00751832118433205
ENSG00000145439_CBR4	4675	0.575746261425683	0.0624278378640536	0.317366925368705	0.0344018571011767	0.0100571182403815
ENSG00000157426_ILMN_5103	5885	0.368260874645263	0.105951578956141	0.398740386214859	0.114708437829707	0.0123387223540299
ENSG00000163110_PDLIM5	4910	0.372678714507909	0.120746315175549	0.367630067293191	0.119090720812675	0.0198541822106755
ENSG00000163743_RCHY1	5392	0.422783543659383	0.102029415787152	0.362251084164572	0.0873957112199803	0.0255402451689125
ENSG00000164111_ANXA5	5284	0.182193386835015	0.364211891802698	0.14045565422935	0.28074409439337	0.0323949727395666
ENSG00000164306_CCDC111	5976	0.260431127736348	0.0323790187460134	0.622362105545444	0.0773699065981985	0.00745784137399608
ENSG00000168993_ILMN_30247	4765	0.506701032920029	0.134350280743312	0.272076959453481	0.0721256552923251	0.0147460715908533
ENSG00000170871_KIAA0232	7440	0.407635825442518	0.151993866484749	0.310253483895802	0.11566877620371	0.0144480479732211
ENSG00000171234_UGT2B7	4875	0.385986039912188	0.026112764830708	0.545432548410844	0.0368940808487588	0.00557456599750146
ENSG00000174130_TLR6	5634	0.250234865826039	0.0988781647064551	0.417079502092564	0.164736323049882	0.0690711443250602
ENSG00000174137_FAM53A	5066	0.0520259340047742	0.0170170013997101	0.696816022991282	0.227913163968265	0.00622787763596899
ENSG00000174780_SRP72	6015	0.397163347793854	0.0867917226473454	0.415319460766409	0.0907493843880854	0.00997608440430601
ENSG00000179979_CRIPAK	5117	0.36702884885515	0.120301584540238	0.371963840473122	0.12190032858925	0.0188053975422397
ENSG00000197888_UGT2B17	4434	0.363853026498749	0.0219323958742133	0.573994545704692	0.034593716521391	0.00562631540095585
ENSG00000198498_ILMN_19458	5156	0.482227420299845	0.0544731929245715	0.410683088063773	0.046385197808399	0.00623110090341137
ENSG00000213759_UGT2B11	4877	0.300021570995148	0.0194143326291285	0.633585611876576	0.0409932061371135	0.00598527836203451
ENSG00000013561_RNF14	4526	0.000472322021511488	0.276420327889335	0.00119396154798824	0.698727300976353	0.0231860875648122
ENSG00000037474_NSUN2	6323	0.223816587791177	0.0354404120530688	0.631713970850938	0.100020232322205	0.0090087969826105
ENSG00000047188_YTHDC2	5883	0.334191921026645	0.0996428108458565	0.426200867806145	0.127063338012189	0.0129010623091646
ENSG00000063438_AHRR	4018	0.309481377479575	0.0683041420843562	0.501461728177935	0.110665111656626	0.0100876406015079
ENSG00000082196_AMACR	4835	0.00718091788986092	0.000992228309153509	0.865856864274881	0.119634036710611	0.00633595281549328
ENSG00000112992_NNT	4217	0.101955439338518	0.0117270541200262	0.788986601237204	0.0907437311287409	0.0065871741755111
ENSG00000113196_HAND1	5061	0.467338731168248	0.0744128863332907	0.383677869048492	0.0610783364131898	0.0134921770367789
ENSG00000113318_MSH3	4947	0.315100734294713	0.0233947481144006	0.610706397101315	0.0453366173212989	0.00546150316827262
ENSG00000113384_GOLPH3	5088	0.549865531859499	0.0789502102826631	0.317630205964235	0.0455976873793268	0.007956364514276
ENSG00000113621_TXNDC15	3828	0.635268068977965	0.0460992028271752	0.292515246307678	0.0212219224219159	0.00489555946526597
ENSG00000120314_WDR55	3015	0.0147825017282855	0.00108335764404906	0.911104391308552	0.0667653771939376	0.00626437212517579
ENSG00000123219_CENPK	3898	0.023795634119088	0.00261371166494188	0.862619272470124	0.0947338348224547	0.0162375469233913
ENSG00000145495_MARCH6	5363	0.389575028033259	0.0543223211427427	0.481871589402004	0.0671851027815111	0.00704595864048351
ENSG00000145839_IL9	4172	0.63859205552915	0.0725464160169323	0.253339148357274	0.0287735140435333	0.00674886605310999
ENSG00000146066_HIGD2A	3538	0.479024084364487	0.0472729415754432	0.417472237954374	0.0411835926710308	0.0150471434346646
ENSG00000150753_CCT5	5347	0.0057069979425396	0.000786702632693569	0.868281281630756	0.119685965492642	0.00553905230136896
ENSG00000155542_C5orf35	4876	0.186331883256271	0.0241345107881312	0.692959855878948	0.0897483298714455	0.00682542020520444
ENSG00000161011_SQSTM1	6404	0.000233196868913293	3.12288714971127e-05	0.876541928043054	0.117377471861412	0.00581617435512442
ENSG00000164219_PGGT1B	5739	0.0713931770497642	0.0148955302563807	0.573335971663357	0.119400306260191	0.220975014770306
ENSG00000164253_WDR41	4781	0.0604499815167085	0.0116359652806453	0.768286182345176	0.147874997777075	0.0117528730803946
ENSG00000164307_ILMN_10385	4848	7.73689937973945e-09	0.0238723428016008	3.157182485718e-07	0.974152384400859	0.00197494934239217
ENSG00000164308_ILMN_22173	5058	9.22787096990011e-16	2.8472762597792e-09	5.67269689153654e-08	0.174206293829265	0.825793646596489
ENSG00000164338_UTP15	4855	0.196921661087086	0.233978518271369	0.248607587486715	0.295365612163386	0.0251266209914432
ENSG00000164346_ILMN_8436	4669	0.0793448250899722	0.00789487526443399	0.821731771551553	0.0817537113624616	0.00927481673157955
ENSG00000169045_HNRPH1	6552	0.429979525512612	0.0783585052836114	0.408128222163346	0.074367206182125	0.00916654085830562
ENSG00000169131_ZNF354A	6227	0.258541852630951	0.0433404127070145	0.591251696804501	0.0991061448480053	0.00775989300952803
ENSG00000171421_MRPL36	7057	0.018837726956666	0.00401561823809045	0.798045755889862	0.170109574442721	0.00899132447266006
ENSG00000205464_ILMN_15537	3777	0.0346820859836804	0.0026353441983516	0.886993285010537	0.0673905482858076	0.00829873652162323
ENSG00000205550_ILMN_31744	1966	0.671048322035157	0.101936589828785	0.188294572243547	0.0285930385652688	0.010127477327241
ENSG00000009844_VTA1	3639	0.606012284613288	0.102330373083447	0.241127898632108	0.0407066915072733	0.00982275216388472
ENSG00000010017_RANBP9	4382	0.372560334629593	0.0859835169189726	0.431347368624202	0.0995404582387882	0.0105683215884445
ENSG00000030110_BAK1	7259	0.000444049222295304	0.396476280339931	0.000521400640038797	0.465403546509977	0.137154723287759
ENSG00000031691_CENPQ	4828	0.0301047185367777	0.00424571975210928	0.797293635359707	0.112387711726854	0.0559682146245523
ENSG00000047932_GOPC	4393	0.533567306576849	0.124059184766329	0.267539152038575	0.0621926108734957	0.0126417457447503
ENSG00000048544_MRPS10	4439	0.00521541237853964	0.00149232005572233	0.766259775979307	0.219247136133116	0.0077853554533142
ENSG00000051620_HEBP2	5015	0.189557388669241	0.392975739070861	0.125397291569478	0.259931842975193	0.032137737715228
ENSG00000071242_RPS6KA2	6886	3.23925815995418e-08	0.34683050019901	5.48492040054068e-08	0.587209765884933	0.0659596466742707
ENSG00000111801_BTN3A3	4798	0.000535890716876714	5.13922036719057e-05	0.89298538035036	0.0856169607174515	0.0208103760116394
ENSG00000111850_C6orf162	5013	0.0608712640779717	0.00984423403264318	0.786161722205985	0.127123795105919	0.0159989845774809
ENSG00000112096_SOD2	5607	0.0238370323587868	0.300764378454615	0.0477161313432353	0.602033885084614	0.0256485727587486
ENSG00000112242_E2F3	5391	0.000973496557576669	0.573531230033732	0.000626987825891206	0.369331592825919	0.0555366927568806
ENSG00000112297_AIM1	4874	4.63725287215378e-05	0.0699919396899843	0.000611646913118922	0.923177337768287	0.0061727030998892
ENSG00000112584_FAM120B	3889	0.356675898376072	0.0341832862294989	0.533698918420879	0.0511245911901846	0.0243173057833654
ENSG00000124532_MRS2L	6682	0.468831826269064	0.0869105027292074	0.366843289919055	0.0679947835373415	0.00941959754533219
ENSG00000124587_PEX6	4007	2.07231701196148e-07	5.88313614531271e-08	0.774891880191235	0.219980251214941	0.00512760253076086
ENSG00000124588_NQO2	5791	0.299246276015282	0.220859080443701	0.262480471514071	0.19370031955895	0.0237138524679966
ENSG00000124596_C6orf130	5195	0.480211987226632	0.147832662877065	0.271946400874588	0.0837020543092757	0.0163068947124398
ENSG00000124688_MAD2L1BP	4151	0.00459852838972075	0.00072105428907548	0.853874938738262	0.133881601915097	0.00692387666784419
ENSG00000124762_CDKN1A	4784	0.017321693222298	0.00357326251240409	0.806265652051705	0.166316641650404	0.00652275056318851
ENSG00000130023_C6orf70	5960	0.0280151035754696	0.00335020181761761	0.85946935165666	0.102773731129829	0.00639161182042398
ENSG00000130340_SNX9	5041	0.578397465523183	0.0764116758827808	0.298328834006291	0.0394045516200474	0.00745747296769843
ENSG00000130348_QRSL1	4952	4.7498553414041e-06	0.00716914464204786	0.000656925270310454	0.991522661742902	0.00064651848939741
ENSG00000135541_AHI1	3390	0.139897634917154	0.121622031272963	0.387058369800649	0.33647984697811	0.0149421170311239
ENSG00000145979_TBC1D7	4348	0.568702940065363	0.0803229316476965	0.300402619999922	0.0424203601415438	0.00815114814547458
ENSG00000145996_CDKAL1	5132	0.000974887332718934	0.581361019681621	0.000606120499898796	0.361396190185387	0.0556617823003741
ENSG00000146085_MUT	4797	0.00896869773820031	0.00125565246644623	0.807369027056869	0.112965353720034	0.0694412690184508
ENSG00000146223_RPL7L1	3937	0.319773183144011	0.0903535201292425	0.451881866066638	0.127671172230276	0.0103202584298323
ENSG00000146243_IRAK1BP1	5360	0.433287073088066	0.0380666326810305	0.480237334555806	0.042185245521157	0.00622371415394123
ENSG00000146281_ACY1L2	4266	0.00717383528914559	0.0111103651448551	0.383156003615085	0.593401706722414	0.00515808922850044
ENSG00000146453_PNLDC1	5558	0.0461048989549089	0.581513052538915	0.0238160897168034	0.300339961477166	0.0482259973122064
ENSG00000164414_SLC35A1	4901	0.123808498239873	0.0186622147620484	0.671459124494138	0.101127126922399	0.0849430355815408
ENSG00000164484_KIAA1913	5431	0.00106741582252573	0.00015795039684784	0.855934510491003	0.126640340953508	0.0161997823361157
ENSG00000168405_CMAH	6211	0.0226772880508075	0.0041638933720244	0.81506882989176	0.149650536123626	0.00843945256178206
ENSG00000180992_MRPL14	4324	0.157632676278997	0.0267568678435969	0.680497976263794	0.11548938714916	0.0196230924644517
ENSG00000186470_BTN3A2	4934	5.36794025524595e-05	5.29780027906389e-06	0.891245786304467	0.0879392799395985	0.020755956553104
ENSG00000188820_FAM26F	4478	0.308870222111524	0.0279897477971469	0.600656261892187	0.0544232704612852	0.00806049773785685
ENSG00000196126_HLA-DRB1	6891	1.99716269086691e-18	5.65406542199998e-13	3.53224690593875e-06	0.999996404043251	6.37092745692144e-08
ENSG00000196306_ILMN_5683	918	0.000154810452996497	2.52974734189269e-05	0.849036273744261	0.13872839900075	0.0120552193285734
ENSG00000197498_BXDC1	4441	0.377117862749889	0.127821990468988	0.358839719992615	0.121612107886824	0.0146083189016838
ENSG00000198502_HLA-DRB5	6722	4.15624708198786e-16	1.20401285518793e-10	3.45197736422729e-06	0.999994714640513	1.83326172044958e-06
ENSG00000204261_PSMB9	7843	3.96132805390734e-11	1.08889938520172e-05	3.63785859332306e-06	0.999983319554175	2.15355376690909e-06
ENSG00000005075_POLR2J	3894	0.504238202997369	0.0626629966779449	0.376650950790984	0.0467977459601542	0.00965010357354877
ENSG00000064419_TNPO3	4627	0.00416950585641848	0.00079574132588294	0.829852155362881	0.158368705206435	0.00681389224838266
ENSG00000105778_KIAA0241	5538	0.172887366503438	0.142166269048025	0.367584554523179	0.302251768870546	0.015110041054812
ENSG00000105829_BET1	3629	0.388477472928082	0.0296442768839281	0.509297497085946	0.038830165783715	0.0337505873183285
ENSG00000105928_DFNA5	6217	0.379338962575078	0.0569432672712664	0.481699332892383	0.0722990507727405	0.00971938648853198
ENSG00000105971_CAV2	3286	0.00323561525328866	0.000430187113345261	0.871230901831817	0.115824117989939	0.00927917781160979
ENSG00000106121_ILMN_22269	4683	5.30902632016514e-05	4.69190083788531e-06	0.906782289073629	0.0801246835248548	0.0130352452374772
ENSG00000106153_CHCHD2	5034	4.8519836755273e-05	6.25001909007327e-06	0.878088802837049	0.113101101333111	0.00875532597399525
ENSG00000106392_C1GALT1	7184	0.492023799789453	0.0842355655624208	0.354713247285386	0.0607193864934892	0.00830800086925074
ENSG00000106591_MRPL32	5148	0.310995591437017	0.0435875102055653	0.559076031227018	0.0783491711956483	0.00799169593475098
ENSG00000106610_ILMN_35010	6787	0.10222865968227	0.0157050212675235	0.756461218746956	0.116203013936712	0.00940208636653811
ENSG00000126870_WDR60	4581	0.247321647669728	0.0214789700468135	0.666097466594961	0.0578408394359888	0.0072610762525089
ENSG00000127952_STYXL1	3255	0.44047567176151	0.047880380598409	0.454229118744064	0.049367353889092	0.00804747500692461
ENSG00000128534_LSM8	3637	0.0915628050922582	0.0161672173457054	0.742499562210862	0.131084241365847	0.0186861739853276
ENSG00000128578_FAM40B	4778	0.462021333732973	0.0831318848368968	0.373863907884884	0.0672559185478249	0.013726954997421
ENSG00000128604_IRF5	4595	6.03685230122294e-08	1.14775584096899e-08	0.830689276332271	0.157923314617907	0.0113873372037403
ENSG00000136240_KDELR2	6489	0.530500126791259	0.0808305796694585	0.330029525068613	0.0502771632073039	0.00836260526336595
ENSG00000146535_GNA12	6979	0.223294015484917	0.135574048256064	0.390619549047172	0.237153201132509	0.0133591860793378
ENSG00000154710_RABGEF1	5145	0.514478494369102	0.0367311732520654	0.413429201298155	0.0295109124576626	0.00585021862301513
ENSG00000158604_TMED4	4523	0.46762450108402	0.0767679152980792	0.379467798055054	0.0622817481849423	0.0138580373779045
ENSG00000160916_ATP5J2	3203	0.546079975144794	0.103367385058937	0.285229731226053	0.0539797438552456	0.0113431647149704
ENSG00000161036_ILMN_12314	3910	0.619254595685716	0.0770736515801806	0.26288935670776	0.0327116584726838	0.0080707375536599
ENSG00000168090_COPS6	2843	0.393626330829212	0.274684261501031	0.15849387395362	0.110539123271508	0.0626564104446288
ENSG00000169193_CCDC126	5355	0.0201424164762538	0.00254542904681394	0.860604513826312	0.108747994730022	0.00795964592059827
ENSG00000170356_ILMN_115008	3498	0.544848183172332	0.0344020343501008	0.383974925654332	0.0242318593698747	0.0125429974533608
ENSG00000174353_ILMN_28376	2375	0.648311789312741	0.0985856905981127	0.204896160310697	0.0311405188245123	0.0170658409539379
ENSG00000178381_ZFAND2A	7028	0.0987580382018963	0.045778971034746	0.579056936636637	0.268411986851791	0.00799406727492877
ENSG00000188191_PRKAR1B	5915	0.00168669392272268	0.000281286481023681	0.847874081178223	0.141389450497079	0.00876848792095123
ENSG00000188372_ZP3	4171	1.00206079051633e-05	1.38046277079989e-06	0.871529194679339	0.12005553020126	0.00840387404872463
ENSG00000188707_C7orf29	5322	0.33988571657224	0.107062453200939	0.410837248881939	0.129399047298019	0.0128155340468628
ENSG00000189077_TMEM120A	3250	0.141404308472618	0.0149716592948374	0.757162846966233	0.0801608763346476	0.00630030893166465
ENSG00000196313_ILMN_19309	3309	0.539645798238589	0.202901248382782	0.17422613020791	0.0654894887673679	0.0177373344033512
ENSG00000196511_TPK1	3709	0.459589769537048	0.0294974418791172	0.475005582374571	0.0304814355283949	0.00542577068086906
ENSG00000196937_FAM3C	4074	0.536571396221479	0.0466774143038164	0.377307853907619	0.032816134393931	0.00662720117315438
ENSG00000197448_GSTK1	3439	0.693671270081317	0.061776737427932	0.219344587442319	0.0195286360702016	0.00567876897823105
ENSG00000213214_ILMN_28207	3320	0.556682564823364	0.0348575023366694	0.377518696493696	0.0236315820169787	0.00730965432929166
ENSG00000214253_FIS1	4686	0.37394695373309	0.274636031932619	0.188392099666149	0.138335198453098	0.0246897162150437
ENSG00000036448_MYOM2	9461	0.326758319661706	0.0778715524310033	0.473637570419622	0.11286627929242	0.00886627819524864
ENSG00000066827_ZFAT1	5829	0.547852552522926	0.072911046426621	0.327947592879846	0.0436373074574008	0.00765150071320615
ENSG00000070718_AP3M2	3913	0.0433425740746742	0.400589460375446	0.0505118049564834	0.466811624231442	0.0387445363619544
ENSG00000104427_C8orf70	4602	0.00159704812207243	0.000155959136587684	0.90261657571978	0.0881371906271605	0.00749322639439841
ENSG00000104497_SNX16	4876	0.0473750061544957	0.0104927134306574	0.766474704071997	0.169754484811071	0.0059030915317793
ENSG00000104518_GSDMDC1	4491	0.179107134707784	0.250640171790418	0.227469534323601	0.318293388816503	0.024489770361694
ENSG00000104687_GSR	4526	0.608950750289016	0.0417424635449433	0.32236846547135	0.0220929250917321	0.00484539560295847
ENSG00000104723_TUSC3	8036	0.444133694507012	0.0673041387874273	0.417909437519122	0.0633227779221851	0.00732995126425292
ENSG00000104763_ASAH1	8313	0.0815601317081471	0.338536514977868	0.105406106691217	0.437478410200896	0.0370188364218722
ENSG00000136982_ILMN_3628	4993	0.252728750046559	0.0398516267175392	0.603396415550684	0.0951379023505892	0.00888530533462833
ENSG00000147421_HMBOX1	4171	0.0154298687961787	0.00127169858466551	0.89836816743463	0.0740307882474657	0.0108994769370601
ENSG00000147454_SLC25A37	5342	0.502007169331767	0.0480554508126861	0.405281817933624	0.0387903944415412	0.00586516748038175
ENSG00000147592_LACTB2	4290	0.527999044179818	0.0787614740577512	0.334327601181067	0.0498625081189276	0.00904937246243601
ENSG00000147647_DPYS	4925	0.612046846468833	0.0582836681321573	0.295974781933562	0.0281794121619283	0.00551529130351933
ENSG00000147813_NAPRT1	4480	0.0408800927314437	0.0572676194489644	0.372001176173019	0.521115860321265	0.00873525132530814
ENSG00000154319_C8orf13	6396	0.142415577450862	0.017536600267863	0.739556141276702	0.0910571514250896	0.00943452957948345
ENSG00000156795_C8orf32	4468	0.000775559560015649	9.04200142462218e-05	0.878099155932188	0.102356099759537	0.0186787647340126
ENSG00000160959_LRRC14	2165	0.321866503205431	0.434912404930005	0.0873061881558096	0.117931870548901	0.0379830331598535
ENSG00000161016_RPL8	1643	2.91557343259576e-05	3.91253402740782e-05	0.425143022740519	0.570513525681581	0.00427517050330006
ENSG00000172728_FUT10	3765	0.0355972449020131	0.00254513516875604	0.892451996547721	0.0638030142963117	0.00560260908519835
ENSG00000173566_NUDT18	5038	0.254850970888172	0.0259899453591041	0.647382055350434	0.0660148780158434	0.00576215038644651
ENSG00000176209_C8orf40	3692	8.08776418781337e-05	0.000749591935049108	0.0316430884454148	0.292600240431884	0.674926201545775
ENSG00000205038_PKHD1L1	3805	0.000101147284784515	2.47479350902872e-05	0.768233126487231	0.187921618404919	0.0437193598879751
ENSG00000215374_ILMN_41203	4788	0.585320300663235	0.0792223606893644	0.287536731874214	0.0389087202648769	0.00901188650830879
ENSG00000054179_ENTPD2	4379	9.9431259375755e-15	0.631454246721068	4.98735411450098e-15	0.316678097878088	0.05186765540083
ENSG00000070214_SLC44A1	4998	0.445861627525899	0.160192567224354	0.277581950692066	0.0997151123048967	0.0166487422527841
ENSG00000090054_SPTLC1	5202	0.463826226575222	0.1393555791887	0.29184720998129	0.087667554932073	0.0173034293227145
ENSG00000106733_C9orf95	5076	0.000734024972744163	0.000114505901820719	0.857512678058951	0.133761771384451	0.00787701968203355
ENSG00000106789_CORO2A	4829	0.607080851392016	0.0502794498306835	0.311694165199312	0.0258098955983387	0.00513563797964965
ENSG00000119314_ROD1	5141	0.343463569667622	0.0342988152029099	0.559097074290169	0.0558250024280141	0.00731553841128517
ENSG00000119383_PPP2R4	4154	0.584456362819817	0.0961487525790605	0.259388614067048	0.0426545965882494	0.0173516739458248
ENSG00000119431_HDHD3	5018	0.499367954408756	0.102386868299393	0.321350570483187	0.065876426633845	0.0110181801748187
ENSG00000130560_UBAC1	5763	9.31248270300975e-15	0.59140423114925	5.64583689120249e-15	0.358497878231425	0.0500978906193084
ENSG00000130653_PNPLA7	3507	3.47654866679258e-06	0.511944355822356	3.04387460877181e-06	0.448190433805676	0.0398586899486925
ENSG00000130956_HABP4	3847	0.483128682353349	0.0327930130572132	0.448250423110097	0.0304201963306358	0.00540768514870447
ENSG00000131669_NINJ1	5136	0.568509630358318	0.0775003015760084	0.304962176519483	0.0415655548779029	0.00746233666828836
ENSG00000136861_CDK5RAP2	3299	0.379942837472857	0.0276089501692804	0.545745132687153	0.0396500972186312	0.00705298245207893
ENSG00000136872_ALDOB	6038	0.533672372829259	0.0650720645906629	0.351185502452035	0.0428137080867053	0.00725635204133835
ENSG00000137054_POLR1E	4393	0.240188990518075	0.0254542751855761	0.655313910323833	0.0694379604488571	0.00960486352365928
ENSG00000148290_SURF1	5811	0.212623503416403	0.0418096773660168	0.548811566885184	0.107827808841636	0.0889274434907601
ENSG00000148296_SURF6	5855	0.268201231521085	0.0891785045801289	0.430740782046086	0.143155147482659	0.0687243343700407
ENSG00000148384_INPP5E	5012	1.9141405086734e-16	0.0121560579702098	1.53013204266072e-14	0.971718903208932	0.0161250388208412
ENSG00000156052_GNAQ	4733	0.578298463469447	0.0954694555384426	0.27244777645332	0.0449687220104484	0.00881558252834194
ENSG00000157653_C9orf43	5002	0.443614692810814	0.0950949069891739	0.363404845758242	0.0778808190353987	0.0200047354063714
ENSG00000159884_CCDC107	3617	0.587680306394668	0.0629622955644363	0.30380138521606	0.0325353434679518	0.0130206693568831
ENSG00000164978_NUDT2	4318	0.0742928890350529	0.0123642681912811	0.776917766487149	0.129292181645218	0.00713289464129901
ENSG00000165029_ABCA1	5604	0.476591209598731	0.0568058052890444	0.410824547614881	0.0489601344853528	0.00681830301199049
ENSG00000175768_C9orf105	4428	0.0144783704116856	0.00149244259750475	0.883385112054722	0.0910504866378495	0.00959358829823792
ENSG00000196152_ZNF79	3549	0.0271190342436741	0.00300385321244492	0.864238598057802	0.095717894233641	0.00992062025243852
ENSG00000204001_LCN8	4435	9.33965305240198e-15	0.593129728001681	5.43129783846405e-15	0.34486131866383	0.0620089533344765
