gene	nsnps	PP.H0.abf	PP.H1.abf	PP.H2.abf	PP.H3.abf	PP.H4.abf
ENSG00000055950_MRPL43	3427	0.000911722981680779	0.00010076579318802	0.894195326522833	0.0988226254773781	0.00596955922492067
ENSG00000067057_PFKP	7357	0.214517793012872	0.142135090150069	0.3771587193545	0.24988132530333	0.0163070721792298
ENSG00000078114_NEBL	5384	0.541046195462936	0.0592851926253415	0.353524846691908	0.0387301078513838	0.00741365736843133
ENSG00000089876_DHX32	5225	0.112480314996356	0.0125797121995032	0.780495096233676	0.0872828111539981	0.00716206541646686
ENSG00000095787_WAC	6104	0.509570971430312	0.0969900222392702	0.322562286230824	0.0613859282353675	0.00949079186422597
ENSG00000107951_PAPD1	5751	0.375834580980642	0.1324663726963	0.353433583632558	0.124557225844579	0.0137082368459206
ENSG00000119979_FAM45A	4984	0.0527079663115882	0.174261113967623	0.176065413663485	0.582086029801734	0.0148794762555698
ENSG00000120616_EPC1	4714	0.0144167516935564	0.574893149230411	0.00876599677488448	0.349507012050045	0.0524170902511029
ENSG00000127884_ECHS1	3788	0.620635390096006	0.0723408412066673	0.267946556390779	0.0312238159493761	0.00785339635717168
ENSG00000134463_ECHDC3	5742	0.458864649389116	0.0968527190458318	0.357334829481409	0.0754112485556053	0.0115365535280377
ENSG00000138185_ENTPD1	5151	0.0412955995479305	0.00573113725857829	0.825055756765707	0.114490487193616	0.0134270192341683
ENSG00000148484_RSU1	5384	0.459388442980717	0.0674656284889081	0.405206602729954	0.059500062830931	0.0084392629694906
ENSG00000151640_DPYSL4	6599	0.16935005060525	0.0406167105000002	0.630261236390249	0.151152470094341	0.00861953241016053
ENSG00000151893_C10orf46	4689	0.522688235311327	0.0844870995222832	0.330070188978497	0.0533429906188232	0.00941148556906987
ENSG00000156398_SFXN2	3160	0.0428484909100757	0.450219078793498	0.0379429889861548	0.398605442972303	0.0703839983379686
ENSG00000165730_STOX1	5590	0.21164961942308	0.0176854508845233	0.696005502406491	0.0581417306466395	0.0165176966392667
ENSG00000165983_PTER	5424	3.05986356525445e-09	4.64141634315791e-10	0.863379928959393	0.130957880047898	0.00566218746870326
ENSG00000166169_POLL	3121	0.0305299488852423	0.268166088121958	0.066603747620041	0.584977999929295	0.0497222154434631
ENSG00000173915_USMG5	3771	8.70031127089384e-11	9.14995354103714e-10	0.086781784043225	0.912667131117665	0.000551083837112636
ENSG00000183605_SFXN4	5023	0.144823019119295	0.478969641352551	0.0755649260286072	0.249863258951096	0.0507791545484508
ENSG00000188690_UROS	5146	0.0112446617124131	0.0012962365977123	0.878848021043251	0.101302539441659	0.007308541204965
ENSG00000197771_C10orf119	5330	0.0323907870166774	0.111247716896237	0.188760291336321	0.648286990940865	0.0193142138099009
ENSG00000205703_C10orf139	5752	0.519213346633398	0.113062187668449	0.293247148920398	0.0638459015484461	0.0106314152293082
ENSG00000014138_POLA2	2913	0.185825657745052	0.418593924471985	0.108357752281543	0.244045272635515	0.0431773928659053
ENSG00000066336_SPI1	2663	0.12665043758235	0.008645109543403	0.779944715122193	0.0532071699249035	0.031552567827151
ENSG00000074319_TSG101	5067	0.00563560413001802	0.000594760592338205	0.886715833999689	0.0935671877024599	0.0134866135754953
ENSG00000078124_PHCA	4145	1.20372850495102e-08	0.000929218750875294	1.29410775086653e-05	0.998986978815308	7.08493190215831e-05
ENSG00000099834_MUPCDH	4582	0.20690568321189	0.339687438045819	0.158988039150107	0.260985204715048	0.0334336348771362
ENSG00000110074_FOXRED1	5590	0.0125060153486668	0.00180826623323565	0.85492661704516	0.123608156600965	0.00715094477197267
ENSG00000110076_NRXN2	2753	0.74241620853761	0.0506836096011634	0.189149426436011	0.0129080969777311	0.00484265844748455
ENSG00000110080_ST3GAL4	5604	0.545994476767698	0.0802002867151873	0.31887172074354	0.0468304722849532	0.00810304348862175
ENSG00000110315_RNF141	6138	0.481841422035669	0.104064681828491	0.331295626121134	0.0715396133663765	0.0112586566483303
ENSG00000110455_ILMN_3829	5238	0.422615467066464	0.0394462280853191	0.485319700419934	0.045291610430014	0.00732699399826824
ENSG00000110768_GTF2H1	5068	0.0514229635113011	0.102627543889694	0.27900195234148	0.556808900055283	0.0101386402022412
ENSG00000120451_SNX19	5093	0.254737984467616	0.0412148081634884	0.597520205277197	0.0966646901140213	0.00986231197767744
ENSG00000131626_PPFIA1	4973	0.010103359654043	0.00257285775676729	0.782796317255322	0.199336775327533	0.00519069000633543
ENSG00000134627_PIWIL4	4275	0.636003233612852	0.0476005867751584	0.289514625483194	0.0216630141428986	0.00521853998589703
ENSG00000134809_TIMM10	4876	0.00249742606826024	0.00421506575741614	0.367444945721414	0.620154655628347	0.0056879068245624
ENSG00000149084_HSD17B12	5782	3.32723040449922e-05	3.41284409090842e-06	0.900902507629592	0.0924017234403306	0.00665908378194104
ENSG00000149089_APIP	5293	3.18188396162895e-05	4.92956340500401e-06	0.861400980879271	0.133448236357561	0.0051140343601461
ENSG00000159063_ALG8	3884	0.197772857792204	0.0251857620090335	0.682767404991017	0.0869409852048864	0.00733299000285914
ENSG00000165434_PGM2L1	3896	0.57599689968378	0.107591697468551	0.257886701958733	0.0481608468478551	0.0103638540410809
ENSG00000165526_RPUSD4	5579	0.44536565029318	0.0637847822381855	0.391844362121938	0.0560765931622394	0.0429286121844571
ENSG00000166435_XRRA1	3987	0.00104279361675607	0.000136791259851008	0.877367795078843	0.11508471446495	0.00636790557959959
ENSG00000166439_RNF169	4096	0.0114030847240241	0.00154733322816051	0.86358119312539	0.117176725711219	0.0062916632112062
ENSG00000166788_SAAL1	4887	0.0859528144582076	0.333130685558706	0.112450242700906	0.435795133682138	0.0326711236000432
ENSG00000166796_LDHC	5043	0.0845515109350325	0.00875569480248863	0.814025054924919	0.0842876290761166	0.00838011026144322
ENSG00000168000_BSCL2	4095	0.605848431902786	0.0779717099589831	0.272784963411873	0.0350986858815789	0.0082962088447791
ENSG00000168002_POLR2G	4021	0.630654064392723	0.0799307097610213	0.249882050239744	0.0316628200592283	0.00787035554728389
ENSG00000168071_CCDC88B	2909	0.385265459143903	0.0275573706310547	0.529760019862993	0.0378732722734536	0.0195438780885954
ENSG00000172890_NADSYN1	4919	0.231248888268256	0.0281385202665638	0.653748805230332	0.0795412718290023	0.00732251440584671
ENSG00000173113_ILMN_22312	2939	0.642801824651846	0.0464901026343755	0.283486130925866	0.0204961707932827	0.00672577099462928
ENSG00000173715_C11orf80	2663	0.218146495809122	0.449513846275617	0.0850483466543455	0.175178969653441	0.0721123416074753
ENSG00000173992_CCS	2433	0.121720851304103	0.288398867681301	0.149087274008977	0.353151763091667	0.0876412439139512
ENSG00000175390_EIF3F	6022	0.437094456390669	0.1779901849168	0.26163585093326	0.106524549346882	0.0167549584123895
ENSG00000175567_UCP2	3660	0.299722367597347	0.0564465706700429	0.533957770212597	0.10055068982826	0.00932260169175327
ENSG00000175575_PAAF1	3630	0.337584121560595	0.065091431120765	0.489025055973083	0.0942775597749609	0.0140218315705963
ENSG00000175581_MRPL48	3597	0.437878458057237	0.0852321263359152	0.364288877609717	0.0708663341605167	0.041734203836614
ENSG00000176148_TCP11L1	4529	0.0707369714152433	0.00663464794380932	0.833180827832477	0.0781353960724047	0.0113121567360659
ENSG00000177042_TMEM80	5079	0.207886708665745	0.344445563710245	0.151059767505359	0.250243166009817	0.0463647941088347
ENSG00000177685_EFCAB4A	5443	0.213727818279873	0.355832165770398	0.147492220805324	0.245520107994609	0.0374276871497959
ENSG00000177697_CD151	5459	0.000125803429240528	0.000209469646202772	0.374178527251654	0.623025418452678	0.00246078122022455
ENSG00000179057_IGSF22	4903	0.579357051490424	0.0614799526804724	0.318410474919237	0.0337819699316509	0.00697055097821595
ENSG00000182919_C11orf54	4740	0.15027690355344	0.0122952491483065	0.768749475399703	0.062891212373794	0.00578715952475681
ENSG00000184524_CEND1	5351	0.180469807208336	0.300205400498852	0.183217371840441	0.304744518130294	0.031362902322078
ENSG00000185187_SIGIRR	3913	0.244048432712833	0.386073867229795	0.128619813260115	0.203433052465408	0.0378248343318485
ENSG00000196655_TRAPPC4	4322	0.000180586540733828	1.65228711596245e-05	0.909815251570848	0.0832373282328304	0.00675031078442913
ENSG00000197345_MRPL21	4421	0.000418598660524269	0.000149092297466812	0.73127094664103	0.260449082705965	0.00771227969501386
ENSG00000202477_SNORD25	4053	0.559498369606039	0.0709795321982946	0.320877066647855	0.0406994189143854	0.00794561263342569
ENSG00000205339_IPO7	4847	0.280124442736147	0.111081622538183	0.425774162319808	0.168823925965974	0.014195846439888
ENSG00000213931_HBE1	8221	0.348952820182779	0.194504586021505	0.280694008597551	0.156438049565668	0.0194105356324964
ENSG00000010626_LRRC23	5001	0.000209706308253798	0.000125219103656763	0.616496576978476	0.368105235165961	0.0150632624436533
ENSG00000076067_RBMS2	2560	0.176100520932083	0.130079088480032	0.388365298190041	0.28685280341981	0.0186022889780334
ENSG00000089127_OAS1	3869	0.00192687280118365	0.000371882997082717	0.829363037563148	0.160057298869551	0.00828090776903362
ENSG00000089163_SIRT4	4605	0.385388438827838	0.178433768757316	0.279789363909008	0.129514818954815	0.0268736095510225
ENSG00000110906_KCTD10	3675	1.60013935630348e-05	1.06277749022654e-06	0.930921064325301	0.0618224974201048	0.00723937408354161
ENSG00000110931_CAMKK2	4697	0.220740236616424	0.108617901867058	0.435292895128586	0.214169952114498	0.0211790142734337
ENSG00000111321_LTBR	4732	0.389937254198418	0.252875094190006	0.202291060100081	0.13116242546818	0.0237341660433145
ENSG00000111358_GTF2H3	4461	0.557866356242767	0.103481109466679	0.274456354308453	0.0508968294396215	0.0132993505424788
ENSG00000111364_DDX55	4397	0.286046342374748	0.0525674863664546	0.544532917464364	0.10005344222422	0.0167998115702124
ENSG00000111371_SLC38A1	3524	0.019366919574461	0.00137632703310573	0.898164737177532	0.0638115800704006	0.0172804361445007
ENSG00000111581_NUP107	4878	1.7164659620242e-13	0.537418237784869	1.30856427389445e-13	0.409653014547163	0.0529287476676644
ENSG00000111666_CHPT1	4476	0.0422132630261772	0.00398936100584289	0.866509965798666	0.0818840508292124	0.0054033593401021
ENSG00000111711_GOLT1B	5340	0.507591924539218	0.126244420628657	0.283330088217017	0.0704553362946769	0.0123782303204315
ENSG00000111725_PRKAB1	4446	0.576223964609272	0.102343296757704	0.263157996190881	0.0467280173202377	0.0115467251219058
ENSG00000111780_ILMN_16367	4586	0.31488157803072	0.151135175275472	0.346891146426128	0.16647834291234	0.0206137573553397
ENSG00000123297_TSFM	3728	0.0894575694906956	0.150334300763034	0.273215645212424	0.459113624921161	0.0278788596126856
ENSG00000123427_FAM119B	3732	0.00064927179908804	0.00109125002206246	0.369930059086456	0.621745640338595	0.00658377875379846
ENSG00000127337_YEATS4	5135	0.099829630975239	0.012620031146765	0.766521657253463	0.0968762076175549	0.0241524730069783
ENSG00000134545_KLRC1	5632	0.572852343228306	0.0636651502691805	0.321354472636961	0.0357079852985568	0.00642004856699563
ENSG00000135426_KIAA0748	4188	0.532750395064802	0.0611587743329121	0.357556717422021	0.041039364708799	0.00749474847146487
ENSG00000136026_CKAP4	4425	0.604581346747563	0.0929592596922567	0.25399019533686	0.039043616088144	0.00942558213517647
ENSG00000136048_ILMN_20048	4376	0.629819280402859	0.0546634891176018	0.285231057774185	0.0247503351047244	0.00553583760062934
ENSG00000139187_KLRG1	5231	0.259717049206774	0.0384861119414011	0.562925909590111	0.0833615386521304	0.055509390609584
ENSG00000139190_VAMP1	4669	0.104275557559082	0.0676599223269178	0.496171948285669	0.32193466908026	0.00995790274807148
ENSG00000139192_TAPBPL	4683	0.0226341217321385	0.0146628393930731	0.580402346706442	0.37599000557583	0.00631068659251592
ENSG00000139197_PEX5	4768	0.0392731696939744	0.0243132328171638	0.556874764927407	0.344715190558167	0.0348236420032875
ENSG00000150045_KLRF1	5449	0.562639151172006	0.0786894700462138	0.307701143357214	0.0430264590961995	0.0079437763283665
ENSG00000155957_TMBIM4	3866	0.633545320177762	0.0418898282798396	0.300134305414404	0.0198402007283797	0.00459034539961444
ENSG00000157895_C12orf43	4517	0.28837066376967	0.141017746072184	0.3037445257414	0.148417354320334	0.118449710096412
ENSG00000165714_LOH12CR1	5028	0.250039501548868	0.149417874221935	0.20143810764276	0.120095786631682	0.279008729954755
ENSG00000166888_STAT6	2833	0.0854781763081293	0.141833377237074	0.285232777924222	0.4732706923927	0.0141849761378744
ENSG00000166896_XRCC6BP1	3776	0.131555773303164	0.221343759179979	0.232067339567407	0.390430761415749	0.0246023665337007
ENSG00000171840_NINJ2	4180	0.645512488999322	0.0656170696552161	0.256367092790344	0.0260535531814966	0.00644979537362163
ENSG00000176422_SPRYD4	2684	0.0022239158573952	0.00156484963723147	0.582335390217256	0.409753882640133	0.00412196164798413
ENSG00000177627_C12orf54	4568	0.383960164392235	0.0698530378494025	0.451721655560531	0.0821684419010921	0.0122967002967398
ENSG00000184752_NDUFA12	6518	0.220278949650687	0.0999868200929144	0.458473808129568	0.208092682789996	0.0131677393368343
ENSG00000185163_DDX51	5710	0.481502685257555	0.0973280145035462	0.340899605836192	0.0688959923354255	0.0113737020672808
ENSG00000185480_C12orf48	4306	0.498127534941616	0.0432218251815776	0.416324886447119	0.0361177164573173	0.00620803697236947
ENSG00000186081_KRT5	4834	0.472392446866665	0.169501774974302	0.251107708128409	0.0900844470567153	0.0169136229739082
ENSG00000186611_ILMN_34849	5136	0.506457428334209	0.0795064265466634	0.35023866186634	0.0549735356459071	0.00882394760688078
ENSG00000032742_IFT88	5336	0.272381817058236	0.127687228597408	0.398770296956702	0.18692141827021	0.0142392391174441
ENSG00000102796_DHRS12	3464	0.277202787509214	0.05933315526215	0.537261161507536	0.114985461345379	0.0112174343757205
ENSG00000122034_GTF3A	5786	0.000980542376724173	0.500254852568642	0.000886613310880514	0.452288365180873	0.0455896265628811
ENSG00000136111_TBC1D4	5585	0.0274613136412281	0.00358861186196233	0.852231891297714	0.111363296817958	0.00535488638113724
ENSG00000139617_ILMN_28859	4414	0.00148073486880141	0.000228202613463205	0.85612114577698	0.131930384697034	0.0102395320437212
ENSG00000151287_C13orf27	5352	0.500842176682308	0.0563778286182602	0.39187867477383	0.0441054410575272	0.00679587886807482
ENSG00000169062_UPF3A	2698	0.697438389757417	0.057494325504518	0.220057819561823	0.0181339037439665	0.00687556143227518
ENSG00000174032_SLC25A30	4106	0.489832145515562	0.146001776952689	0.27005365475999	0.0804798871905022	0.0136325355812563
ENSG00000089916_C14orf118	4530	0.0522275886306203	0.00730954277924379	0.817013619399961	0.114336507241884	0.00911274194829158
ENSG00000092020_PPP2R3C	5012	0.260080816059407	0.0315878930192565	0.620658110743011	0.0753691958922982	0.0123039842860266
ENSG00000092094_OSGEP	5680	0.0702812681896754	0.0101846478221155	0.787194974057012	0.114056260547768	0.0182828493834288
ENSG00000092203_TOX4	6668	0.372162769219138	0.0909473171769437	0.423320342831219	0.103438824041796	0.0101307467309036
ENSG00000100439_ABHD4	5986	0.481770277270859	0.104462135201148	0.331424945731351	0.0718523022057379	0.0104903395909042
ENSG00000100445_C14orf124	5434	0.260702360633754	0.0359414308287371	0.611221375720489	0.0842574539480126	0.00787737886900715
ENSG00000100490_CDKL1	4198	0.0745236701266522	0.00699592908927093	0.834240923800135	0.0783086548169315	0.00593082216701068
ENSG00000100744_C14orf129	5776	0.122522552811676	0.0279655753720594	0.685318515710815	0.15641506930467	0.00777828680077942
ENSG00000100814_CCNB1IP1	5447	0.378959194484477	0.0530224977830721	0.491144741320862	0.068710900855991	0.00816266555559875
ENSG00000100908_C14orf122	5071	0.495672169835717	0.0666013970971607	0.379402908944522	0.0509714305296216	0.00735209359297855
ENSG00000100931_CHMP4A	5141	0.565683850526533	0.0764767282398095	0.308319391127488	0.0416749044603165	0.00784512564585235
ENSG00000119599_WDR21A	5250	0.377026401118318	0.0633203336351562	0.469983949207535	0.0789214977186449	0.0107478183203461
ENSG00000119632_FAM14A	6092	0.387368408354949	0.223777168221494	0.234137451650162	0.135238365799501	0.019478605973894
ENSG00000119684_MLH3	3623	0.00106918406809557	0.00012177506110502	0.891315508285528	0.101510681794852	0.00598285079041877
ENSG00000119718_EIF2B2	3665	0.00578849828456498	0.000663392428309846	0.886035551432009	0.101538372402794	0.00597418545232229
ENSG00000125375_ATP5S	4206	0.593228652296795	0.0557453958199501	0.315314937619624	0.0296238977763442	0.00608711648728688
ENSG00000129514_FOXA1	4329	0.592413676222684	0.112742496859382	0.238540929229913	0.0453859079722191	0.0109169897158017
ENSG00000134007_ADAM20	4780	0.593179809020541	0.0710952496608526	0.293334707635142	0.0351502349462528	0.00723999873721148
ENSG00000139998_RAB15	4446	0.54772218479123	0.0518191232167523	0.356317762394227	0.0337002150641102	0.0104407145336802
ENSG00000140092_FBLN5	5089	0.497760128497214	0.0483505374135553	0.406765622124466	0.0395040553553179	0.00761965660944724
ENSG00000140104_C14orf79	4896	0.527956510127613	0.107355930116203	0.292677074748792	0.0595011418394859	0.0125093431679062
ENSG00000155465_SLC7A7	5882	0.46268469902954	0.098769501290718	0.353406919411254	0.0754322201123345	0.00970666015615403
ENSG00000157326_DHRS4	4912	0.534222273898922	0.0699740199027687	0.342756139447629	0.0448870565095616	0.00816051024111862
ENSG00000165501_PPIL5	4036	0.559402567540123	0.0436478601523457	0.361934533160607	0.0282334675877649	0.00678157155915988
ENSG00000165819_METTL3	6626	0.40840392382893	0.0995050943876459	0.386234843611629	0.0940919707062255	0.01176416746557
ENSG00000166166_C14orf172	4783	0.447138018407475	0.0546035445735098	0.437295875074461	0.0533940744582059	0.007568487486348
ENSG00000177465_ACOT4	4916	0.483761550281007	0.0797410031702993	0.36426302530297	0.0600312190967796	0.0122032021489439
ENSG00000182512_GLRX5	6493	0.199774933997219	0.142493870302372	0.375559291181518	0.267861623188958	0.0143102813299338
ENSG00000183648_NDUFB1	5353	0.394629390723248	0.041187078989242	0.505049488476799	0.052705086365922	0.0064289554447889
ENSG00000184990_SIVA1	4730	0.331514624976361	0.0667219934440304	0.480420933339663	0.0966668123095853	0.0246756359303611
ENSG00000187630_DHRS4L2	4972	0.554730198480071	0.0737322220848741	0.320830591228838	0.04263527539344	0.00807171281277644
ENSG00000197195_CHURC1	4473	5.43321699302638e-09	5.1359104387729e-10	0.908047683447453	0.0858297935213728	0.00612251708436577
ENSG00000198805_NP	5692	0.5151022556773	0.0747700861350778	0.350566295849204	0.0508780519889059	0.00868331034951198
ENSG00000198894_KIAA1737	5953	0.317830168120609	0.0298170012766536	0.589597865106354	0.05530523628969	0.0074497292066933
ENSG00000205659_LIN52	4237	0.000324144284212117	4.95057012684897e-05	0.861479194225389	0.131564862015368	0.00658229377376232
ENSG00000051180_RAD51	3631	0.000166347244595126	0.000506860352680318	0.246455191138113	0.750947485381098	0.00192411588351423
ENSG00000064726_BTBD1	2439	0.686455281564834	0.0480092423646132	0.242667596456703	0.0169657605153125	0.00590211909853685
ENSG00000074696_PTPLAD1	3760	0.0814560494405332	0.00751113383814984	0.827351982082466	0.076283455311936	0.00739737932691442
ENSG00000103657_HERC1	4225	0.408918906171229	0.217216209225698	0.228809144846167	0.121519034032853	0.0235367057240539
ENSG00000103671_TRIP4	3482	0.526770673895219	0.0475916667918094	0.383200774866568	0.034612864821988	0.00782401962441487
ENSG00000103811_CTSH	5399	0.281403966964081	0.0224920074233283	0.639154940964947	0.0510803964840522	0.00586868816359161
ENSG00000103932_RPAP1	3731	0.0430311647235188	0.124931750282629	0.207926732213456	0.603650176044204	0.0204601767361927
ENSG00000104047_DTWD1	4149	0.139965764749171	0.0121516382714404	0.774115581194645	0.0672011011875747	0.00656591459716933
ENSG00000104055_TGM5	2116	0.131873187225717	0.00727811879428913	0.794767976324867	0.0438412316811287	0.0222394859739989
ENSG00000136371_MTHFS	5522	0.44672786527213	0.0467556697129736	0.452278845557986	0.0473297414895229	0.00690787796738732
ENSG00000137806_NDUFAF1	3786	0.0224449559279214	0.0651505459409456	0.105639573466189	0.306137349634322	0.500627575030622
ENSG00000140264_SERF2	2015	0.662597613223397	0.0344704370613942	0.282025664869706	0.0146656321953303	0.0062406526501723
ENSG00000140400_MAN2C1	2891	0.338539849560962	0.0176254301829119	0.606679791355635	0.0315800488501829	0.00557488005030824
ENSG00000140471_LINS1	6703	0.401052719001962	0.057002471414607	0.468130014289091	0.0665290235300135	0.0072857717643269
ENSG00000166140_ZFYVE19	3458	0.0515366941697527	0.156793038086741	0.192012761384344	0.584155926057472	0.0155015803016913
ENSG00000166762_CATSPER2	1929	0.424458186444404	0.0214539340351284	0.519466377307206	0.0262476809519352	0.00837382126132653
ENSG00000166938_DIS3L	4904	0.0599831334640785	0.0921830715292638	0.327891474373073	0.503892991269023	0.016049329364562
ENSG00000168803_ADAL	2074	0.658571862440642	0.0362272584165277	0.28454379325451	0.0156474074941954	0.00500967839412496
ENSG00000168970_PLA2G4B	3458	0.0455697928881678	0.13236678556376	0.206078626864754	0.598580124144736	0.0174046705385816
ENSG00000169118_CSNK1G1	3492	0.623922118516096	0.056227279134382	0.287316000494622	0.025886001267328	0.00664860058757182
ENSG00000171763_SPATA5L1	3607	0.348783211977372	0.032638029646385	0.556508019099382	0.052066255502601	0.0100044837742603
ENSG00000172345_STARD5	4212	0.646534793790442	0.0498680012624454	0.277188687373229	0.021374861044612	0.00503365652927217
ENSG00000188659_ILMN_4387	2560	0.726720055047695	0.0450642949640172	0.209733455365701	0.0130002004977422	0.00548199412484446
ENSG00000047578_KIAA0556	4343	0.249221626954607	0.422411470082893	0.108524360206007	0.183904497199151	0.0359380455573422
ENSG00000063854_HAGH	5470	0.126363343606561	0.0133745958106056	0.77129370075715	0.0816282133650995	0.00734014646058404
ENSG00000070761_C16orf80	5586	0.5332991875542	0.0710351406202114	0.342467779027633	0.045608919374711	0.00758897342324448
ENSG00000086504_MRPL28	4267	0.499242035392081	0.0656798669052958	0.376979548510269	0.0495866038840862	0.00851194530826801
ENSG00000090857_ILMN_138245	2627	0.0654940982570531	0.67172695926202	0.0179856823739755	0.184406122866537	0.0603871372404146
ENSG00000090857_ILMN_8209	2627	0.0618269243847687	0.634115332873234	0.0221428998068386	0.227049303421076	0.0548655395140823
ENSG00000103042_ILMN_16502	5255	0.416195967483772	0.0506932489852239	0.468481802071626	0.0570541617007648	0.00757481975861328
ENSG00000103111_MON1B	8139	0.0526141555166912	0.0101712515994134	0.759686360794242	0.146830180668369	0.0306980514212844
ENSG00000103126_AXIN1	4021	0.573228662880509	0.0725843914384421	0.307184746972722	0.0388887864848332	0.00811341222349376
ENSG00000103174_NAGPA	6771	0.381168821579672	0.058913525707753	0.472201460581844	0.0729688003494449	0.0147473917812861
ENSG00000103202_DECR2	4339	0.379781548221451	0.0507578990256881	0.495728748840476	0.0662467864067171	0.00748501750566766
ENSG00000103248_MTHFSD	7317	0.019344966421119	0.509800980384383	0.0153191204011615	0.403655339593941	0.0518795931993955
ENSG00000103275_UBE2I	6396	0.0678749177966479	0.00927415179461619	0.804729337291299	0.109946758001488	0.00817483511594951
ENSG00000103540_ILMN_12815	4644	0.201282005410657	0.119374910008112	0.416003668607568	0.24670388179053	0.0166355341831326
ENSG00000118894_FAM86B1	6953	0.214760576243089	0.0305971768049244	0.654506542046177	0.0932413765474795	0.00689432835833021
ENSG00000125124_BBS2	5413	6.0104514394051e-05	1.00844134306876e-05	0.844284249050236	0.141641102586616	0.0140044594353235
ENSG00000125170_DOK4	5506	0.488734952555152	0.0870571928768061	0.350083513765417	0.0623477657935647	0.0117765750090598
ENSG00000127561_SYNGR3	5114	0.0821070833985499	0.00879679326238597	0.812881390017683	0.0870813981859586	0.00913333513542225
ENSG00000127586_CHTF18	5328	0.405002327093072	0.0601507903624662	0.458883471599042	0.0681453792575008	0.00781803168791976
ENSG00000129925_TMEM8	4285	0.188714635621738	0.0249013135850918	0.687478385210908	0.0907060939791268	0.00819957160313586
ENSG00000130731_C16orf13	5096	0.537257817458364	0.0778929603830652	0.32888687442203	0.0476745405247383	0.00828780721180202
ENSG00000131148_COX4NB	7907	0.018961218439378	0.500590174492306	0.015946802240872	0.420963821954187	0.0435379828732571
ENSG00000132603_NIP7	3409	0.00385629684017006	0.129588616160344	0.0245352160454445	0.82447414313917	0.017545727814871
ENSG00000135698_MPHOSPH6	8516	0.132994142352476	0.0283771112134827	0.682344652552644	0.14558195140533	0.0107021424760677
ENSG00000140829_DHX38	3419	0.0543051996350826	0.0368360151343876	0.514964049297902	0.349263052314811	0.0446316836178171
ENSG00000141076_CIRH1A	3616	0.0187122581095869	0.628783564115936	0.0086022818475875	0.289005537073534	0.0548963588533568
ENSG00000153406_NMRAL1	5389	0.489975589686319	0.116303211876035	0.308637956466832	0.0732481116905982	0.0118351302802162
ENSG00000155393_HEATR3	3992	0.0796810884834983	0.217367915015764	0.182782590423003	0.498604538481101	0.0215638675966344
ENSG00000159461_AMFR	5553	0.000117969670781137	1.91049584729527e-05	0.848314671597826	0.1373687297064	0.0141795240665199
ENSG00000161981_C16orf33	3236	0.253876485463618	0.0281903792136968	0.631624660090389	0.0701192494942141	0.016189225738082
ENSG00000162076_FLYWCH2	3844	0.434890044017453	0.0516831450328708	0.452274920777696	0.0537417861510804	0.00741010402089967
ENSG00000166451_CENPN	7482	0.00995859064786281	0.00248078287999142	0.784707868000404	0.195471066369998	0.00738169210174386
ENSG00000166501_PRKCB1	4987	0.0723385621813033	0.148828106323334	0.0679724272133316	0.139273708581763	0.571587195700268
ENSG00000167515_TRAPPC2L	6802	0.457515013178488	0.0642488496237492	0.412188710519701	0.0578755034009593	0.00817192327710228
ENSG00000167526_RPL13	5022	0.390356359863687	0.0359647151094592	0.519276230541882	0.0478359269504472	0.00656676753452451
ENSG00000168748_CA7	3026	0.681155545458515	0.0797478603638334	0.207024334483355	0.0242300103650552	0.00784224932924142
ENSG00000168807_SNTB2	3581	0.0126442944908532	0.424884314712984	0.0150444910551901	0.50549582564409	0.0419310740968823
ENSG00000169682_SPNS1	2425	0.025556646463152	0.0157327640088045	0.464738697190013	0.285886737935621	0.208085154402409
ENSG00000171490_RSL1D1	7028	0.347297820356164	0.221129611674882	0.251684054726848	0.160231268688215	0.019657244553891
ENSG00000174177_ILMN_138331	6808	0.222226063284679	0.0312024407443006	0.59320364638609	0.0832207205220185	0.0701471290629114
ENSG00000175643_C16orf75	6199	0.123163420144923	0.0766354542901858	0.350854706949551	0.218079574355917	0.231266844259424
ENSG00000178952_TUFM	2681	0.20409220987812	0.126282697108373	0.189177121492864	0.116690181444468	0.363757790076174
ENSG00000180185_FAHD1	5390	2.69310028394921e-05	2.84217596600439e-06	0.89391746505142	0.0943282727960526	0.0117244889737226
ENSG00000182108_ILMN_32084	6867	0.208213745905865	0.129543431374072	0.394083818922574	0.245162401365045	0.0229966024324435
ENSG00000186153_WWOX	10073	0.0869865508542068	0.153000816381524	0.270403395541749	0.475599057172915	0.0140101800496053
ENSG00000187741_FANCA	4394	9.27893452450037e-08	6.51238388931193e-09	0.928244952778556	0.0651418957539754	0.00661305216573763
ENSG00000197912_SPG7	5257	0.00283857695598188	0.000276836269164962	0.901574567744824	0.0879199564842936	0.00739006254573501
ENSG00000002919_SNX11	4302	0.0843312948252686	0.011620580802578	0.763819544313702	0.105216861286101	0.0350117187723504
ENSG00000005156_LIG3	4720	0.326456292500568	0.0278194619055227	0.588043403050089	0.0501034218945727	0.00757742064924724
ENSG00000006282_SPATA20	3882	0.00967284041242127	0.00126246240062444	0.870022420588037	0.113546526909777	0.00549574968914042
ENSG00000007312_CD79B	2565	0.0691313238221582	0.00384653315748698	0.857949946544427	0.0477158014429537	0.0213563950329741
ENSG00000011052_NME1	4114	0.582097653258462	0.0760178504977734	0.292309121471453	0.0381620975946932	0.0114132771776187
ENSG00000011295_TTC19	4149	0.112348504236088	0.0133447669648272	0.775148845836205	0.0920651674456127	0.00709271551726687
ENSG00000012048_BRCA1	3110	1.6896036367466e-06	3.98740438514616e-05	0.0406390861569281	0.959067702671581	0.000251647524002249
ENSG00000035862_TIMP2	5894	0.318537352712077	0.278169553768479	0.200263468337534	0.17485618203127	0.0281734431506407
ENSG00000055483_USP36	5969	1.88341634636265e-05	1.64949133051562e-05	0.41572619067411	0.363871592231673	0.220366888017448
ENSG00000068097_HEATR6	2122	0.657280837747729	0.0407206378446468	0.278872368014301	0.0172711749433871	0.00585498144993614
ENSG00000073584_SMARCE1	4167	3.72790373839862e-08	0.0632420953138941	5.48322304777179e-07	0.93019587657292	0.00656144251184487
ENSG00000091640_SPAG7	5877	0.43099497937937	0.188136607651306	0.252796069449662	0.110332025245886	0.0177403182737753
ENSG00000108262_GIT1	2257	0.653512706793602	0.0598335544734035	0.254716287042796	0.0233123917735811	0.00862505991661707
ENSG00000108278_ZNHIT3	3560	0.255003105725258	0.0241607829198876	0.640910234713251	0.0607051104453798	0.0192207661962229
ENSG00000108352_RAPGEFL1	3652	1.10434776871506e-07	0.187347296669265	4.34471386673913e-07	0.736984179284479	0.0756679791400915
ENSG00000108384_RAD51C	3077	0.0745241053584267	0.00784511824876455	0.820667745186913	0.0863807332767209	0.0105822979291746
ENSG00000108395_TRIM37	2683	0.585427354415427	0.0644253300320907	0.299263632144585	0.0329155087496804	0.0179681746582175
ENSG00000108433_GOSR2	2596	0.20325263828963	0.0174129454711046	0.711748237242062	0.0609698775268174	0.0066163014703852
ENSG00000108559_NUP88	6197	0.271172393001736	0.112310789535575	0.4262246314	0.176514608450743	0.0137775776119456
ENSG00000108592_FTSJ3	2615	0.0304928801282944	0.00137366741163859	0.919057001655009	0.0413947258961509	0.00768172490890739
ENSG00000108639_SYNGR2	6181	0.255355238841315	0.244372184378332	0.243999368275352	0.233481948579913	0.0227912599250881
ENSG00000108651_UTP6	3409	0.404137399637578	0.0339178732678417	0.508943545181448	0.0427035979412402	0.0102975839718918
ENSG00000108666_C17orf75	4082	0.108579106106573	0.0112046579376274	0.791989124467339	0.0817216238752086	0.00650548761325105
ENSG00000108771_DHX58	3456	0.0140846262527136	0.33103442244016	0.0250630137995937	0.589021358773795	0.0407965787337379
ENSG00000108826_MRPL27	3785	0.020263317904081	0.00404539806846807	0.807044379334176	0.161111971199753	0.00753493349352214
ENSG00000108960_MMD	4825	0.512991881081982	0.0901311491305899	0.326863795016327	0.0574164007217199	0.0125967740493805
ENSG00000125319_C17orf53	3775	0.321331133816666	0.0573302219665837	0.51498263043183	0.0918660201857747	0.0144899935991453
ENSG00000125445_MRPS7	4500	0.552933871916373	0.0627556600781163	0.338537918818069	0.0384152672595342	0.0073572819279079
ENSG00000126581_BECN1	2994	0.0255722609179034	0.603507406302499	0.00994805491796785	0.234648569312127	0.126323708549503
ENSG00000132141_CCT6B	4706	0.446149914371794	0.0380064920102703	0.468597420874034	0.0399114090459013	0.00733476369800096
ENSG00000132507_EIF5A	4860	1.94121024635268e-05	2.52528362598227e-06	0.876337542480089	0.113991441272712	0.00964907886110947
ENSG00000141560_ILMN_14939	4034	0.17875392847862	0.0332820043342847	0.620582385292768	0.115493688055221	0.0518879938391059
ENSG00000141696_ILMN_21605	4247	0.0237927991666156	0.559763395717307	0.0144626297958955	0.340194553494388	0.0617866218257938
ENSG00000141698_NT5C3L	4199	1.5181514217895e-05	0.000357157530600867	0.0407235229477313	0.958053311928984	0.000850826078465359
ENSG00000141720_PIP4K2B	3464	0.000312615120034761	0.576538418990911	0.000203856835310302	0.3759146233115	0.0470304857422445
ENSG00000159199_ATP5G1	3955	1.5019196748331e-05	2.44301172962108e-06	0.854798190081062	0.139034708525148	0.00614963918531296
ENSG00000161326_DUSP14	3607	0.388695143790341	0.0523430330466066	0.484665370179902	0.0652576770376081	0.00903877594554221
ENSG00000161664_ASB16	3758	0.584497847765231	0.104255404830826	0.255066455895777	0.0454848640854998	0.0106954274226672
ENSG00000166260_COX11	4629	0.0782380699386262	0.012752045096101	0.774495048082491	0.126226878471465	0.00828795841131628
ENSG00000166750_SLFN5	4663	6.84816278569754e-05	5.74001683039358e-06	0.917196686800544	0.0768720529025629	0.00585703865220587
ENSG00000167083_GNGT2	4039	0.37581229927125	0.0539616498165931	0.489310580099248	0.0702478263592566	0.0106676444536533
ENSG00000167720_SRR	5412	0.153937213123284	0.0380382952549191	0.634747255242635	0.156831290981164	0.0164459453979981
ENSG00000167895_TMC8	6082	0.301601554784257	0.288276409894126	0.190901500097636	0.18243043600947	0.0367900992145108
ENSG00000168646_AXIN2	4715	0.449298336550796	0.0682910649845073	0.408673557137881	0.0621046724948909	0.0116323688319252
ENSG00000170291_C17orf81	4919	0.000237330731831655	3.09867170678502e-05	0.879300784860667	0.114798904392418	0.00563199329801491
ENSG00000172057_ORMDL3	3297	1.06333173938485e-08	0.0180389124443035	2.38356060273586e-07	0.403781433177209	0.578179405389111
ENSG00000172301_C17orf79	3413	0.18433539067798	0.0154781287759783	0.726633922970885	0.0610008727659802	0.0125516848091767
ENSG00000176974_SHMT1	2893	0.087978386535875	0.00799038780206918	0.778679347684498	0.0706666613145591	0.0546852166629985
ENSG00000177370_TIMM22	6086	0.000229890333641022	4.03181908253482e-05	0.846026989424062	0.148370970306552	0.00533183174492006
ENSG00000177602_GSG2	5859	0.235013652784865	0.0841451290451403	0.492458223871012	0.176309430765833	0.0120735635331489
ENSG00000181031_RPH3AL	3392	0.516401394271023	0.0561473351791229	0.37837352968755	0.0411318837986341	0.00794585706366961
ENSG00000182534_MXRA7	5690	0.267106591223982	0.247105049380874	0.23608433089865	0.218374476075349	0.0313295524211452
ENSG00000185262_FAM100B	5525	0.257194681789985	0.213245494893549	0.276517929664341	0.22924300533885	0.0237988883132751
ENSG00000185504_C17orf70	6244	0.38539498014998	0.0585363186745953	0.476461731391478	0.0723608883819146	0.00724608140203132
ENSG00000187607_ZNF286A	4524	0.427692278799474	0.0564438304998808	0.449194627623552	0.0592741647516909	0.00739509832540297
ENSG00000187624_ILMN_7731	4221	6.67046440986032e-09	8.17646328058612e-10	0.88090682550347	0.10796789792606	0.0111252690823577
ENSG00000205309_NT5M	3962	0.602938133367801	0.0664374983705547	0.291207029339377	0.0320806429266616	0.00733669599560518
ENSG00000213246_SUPT4H1	3434	0.569234987924832	0.0767500896329338	0.30119625936315	0.0405981432026689	0.0122205198764155
ENSG00000214087_ARL16	6284	0.0247394657783949	0.00390591386429357	0.831250080102128	0.13123046802389	0.00887407223129376
ENSG00000066926_FECH	5328	0.53535536204782	0.0812395659965648	0.325679934760889	0.0494132470021246	0.00831189019260084
ENSG00000082212_ME2	4533	0.328487735067667	0.0971325599320032	0.2957298079349	0.0872547717368809	0.191395125328549
ENSG00000091164_TXNL1	4286	0.574417017637252	0.0593023410810769	0.325667911120547	0.0336146896035029	0.00699804055762058
ENSG00000101557_USP14	3605	0.513249746843146	0.0289531706887499	0.428443075635061	0.0241639119369572	0.0051900948960856
ENSG00000101752_MIB1	2426	0.431585619879642	0.0197371079918642	0.517446634964655	0.0236560964527113	0.00757454071112719
ENSG00000132199_ENOSF1	4944	0.16166510392596	0.0131299143931313	0.752464744315901	0.0611011021849379	0.0116391351800693
ENSG00000141428_C18orf21	3966	0.415882007931843	0.0430568993234393	0.479940047121477	0.0496774823726433	0.011443563250597
ENSG00000154889_MPPE1	5844	0.39101647439583	0.134895024690983	0.342005938718039	0.117972989613244	0.0141095725819048
ENSG00000158270_COLEC12	3888	0.654982596371706	0.0413695660453721	0.2815273143975	0.0177772938570012	0.00434322932842018
ENSG00000166401_SERPINB8	5414	0.218557856071295	0.0418759433809841	0.610491996753036	0.11695887235172	0.0121153314429648
ENSG00000167220_HDHD2	4313	0.296963659914499	0.313929202079797	0.175064158273965	0.185036572106393	0.0290064076253464
ENSG00000168461_RAB31	6434	0.499646029514885	0.0785108719454469	0.357802895303909	0.0562148115062156	0.00782539172954337
ENSG00000172466_ZNF24	3830	0.654827239574954	0.0562996886058517	0.260742318940502	0.0224119670946116	0.00571878578408111
ENSG00000176014_TUBB6	5620	0.291684744601624	0.0998614539127276	0.442440616416792	0.151459817655205	0.0145533674136513
ENSG00000177150_C18orf19	5367	0.277934730389121	0.0804875585811414	0.488394331222828	0.141423127319712	0.0117602524871973
ENSG00000197563_PIGN	4978	0.0747974613566929	0.0148444277543665	0.753696416645944	0.149572747088611	0.00708894715438576
ENSG00000198795_ZNF521	4480	0.602822100694663	0.0781636568070096	0.275871766221475	0.0357629514448366	0.00737952483201604
ENSG00000215429_ILMN_33941	5414	1.04040456436692e-05	1.97941914364902e-06	0.834174725781243	0.158698592877129	0.00711429787684131
ENSG00000064666_CNN2	6024	0.50320025095535	0.0828489491210903	0.347689088845262	0.0572359290386512	0.00902578203964669
ENSG00000065000_AP3D1	5844	0.508896611330158	0.0822103413239955	0.344855308299799	0.0557017472973007	0.00833599174874687
ENSG00000065268_WDR18	5859	0.00103441152406334	0.000167281924233719	0.833563636644964	0.134770943513815	0.0304637263929239
ENSG00000073050_XRCC1	6106	0.000172638336007912	0.000688137271643687	0.200116391935902	0.79766358089035	0.00135925156609706
ENSG00000076924_XAB2	6423	0.394086233751003	0.085548530127579	0.418861976252959	0.0909162795933341	0.0105869802751253
ENSG00000083828_ZNF586	4593	0.351243786690954	0.0409482411034325	0.538165120567689	0.0627327480639682	0.00691010357395667
ENSG00000095932_ILMN_32047	6058	0.517967032842514	0.0911396662355165	0.324619883366413	0.0571098149181881	0.0091636026373684
ENSG00000104946_TBC1D17	4710	0.598110440819955	0.0587089176100903	0.306919422239763	0.0301202468037988	0.00614097252639292
ENSG00000104953_TLE6	6376	0.48500426688196	0.0930730030589345	0.345809257512529	0.066351522434433	0.00976195011214393
ENSG00000105053_VRK3	4779	0.327974127614165	0.0321880814225631	0.576471915769807	0.0565693886461061	0.00679648654735882
ENSG00000105132_ZNF550	5281	0.332327998078239	0.0388001806807929	0.55633111315626	0.0649455470166417	0.00759516106806592
ENSG00000105198_LGALS13	4965	0.596056259958491	0.075816668763154	0.283997350102843	0.0361156448276962	0.0080140763478164
ENSG00000105404_RABAC1	3611	0.122625445013323	0.301446105180538	0.1552174813404	0.381526853838694	0.0391841146270442
ENSG00000105697_HAMP	4937	0.541121647832526	0.079051049819521	0.323961941147307	0.0473182076562919	0.00854715354435426
ENSG00000105698_USF2	4957	0.397989570805365	0.0583952053330972	0.438936739360236	0.0643628821279417	0.0403156023733607
ENSG00000118046_STK11	6466	0.508689017497728	0.0892448132062927	0.334522825068515	0.0586800921008644	0.00886325212659999
ENSG00000121289_CCDC123	5715	0.000268591788919284	0.0119458714730857	0.0216913492148048	0.964741727887271	0.00135245963591853
ENSG00000121406_ZNF549	5316	0.564631011852439	0.0652032482760464	0.325799362005286	0.037616363564447	0.00675001430178199
ENSG00000125656_CLPP	5911	0.519042159081327	0.0900416585318257	0.325553344231917	0.0564669848479969	0.00889585330693296
ENSG00000125753_VASP	5149	0.000415399175583401	0.000164926774925435	0.703440410882143	0.279271661606389	0.0167076015609592
ENSG00000125910_EDG6	6258	0.457579966097521	0.0866823314247715	0.375485676745305	0.0711215489418849	0.00913047679051756
ENSG00000126246_TMEM149	4701	0.0154951530970347	0.00220258567241602	0.852858554902493	0.121222851976103	0.00822085435195323
ENSG00000129933_KIAA0892	4155	0.162682060918538	0.0109431833726617	0.757484020431805	0.0509359518159707	0.0179547834610247
ENSG00000130312_MRPL34	5527	0.31677175890771	0.116892256327936	0.403256695392841	0.148791859830416	0.0142874295410981
ENSG00000141934_PPAP2C	4185	0.608325827194502	0.0739507451181758	0.275998698794767	0.033543426265391	0.00818130262716399
ENSG00000141994_DUS3L	5762	0.0645162280870991	0.0102184182196283	0.793549963271924	0.125680565947289	0.00603482447406023
ENSG00000142046_BCKDHA	3860	0.588729002299439	0.0843568332556055	0.27800814343321	0.0398256934098872	0.0090803276018583
ENSG00000160113_NR2F6	5499	0.444222377783744	0.179483970853241	0.254756301238337	0.102913319141859	0.0186240309828185
ENSG00000161558_TMEM143	5564	0.458254839773638	0.0608836377696487	0.413876820583992	0.054975574720597	0.0120091271521248
ENSG00000167766_ZNF83	8274	0.234773859873982	0.0509368977251822	0.561038802389954	0.121692283298785	0.0315581567120961
ENSG00000167807_ILMN_19980	4801	0.0556926160396433	0.455440628182234	0.0286419408135969	0.234000580755835	0.226224234208692
ENSG00000170866_LILRA3	8007	0.37478574019946	0.173795883811087	0.29600902225513	0.13724733162102	0.0181620221133037
ENSG00000170949_ZNF160	8169	0.269862486612349	0.0526509757573851	0.556180575215074	0.108499682246784	0.0128062801684085
ENSG00000175691_ZNF77	6467	0.4973866789717	0.0961944544276044	0.332464782760269	0.0642889374219785	0.0096651464184479
ENSG00000176232_ZNF283	6224	0.114869474444337	0.442244876228821	0.0817377092527541	0.314641824152607	0.046506115921481
ENSG00000178229_ZNF543	5310	0.268152382706646	0.026744307452591	0.635479089128917	0.0633735633417055	0.00625065737013964
ENSG00000182013_ILMN_30225	4529	0.0886057701609262	0.371692805590143	0.0961249715122302	0.403194760711932	0.0403816920247684
ENSG00000183617_MRPL54	5932	0.00172648791873909	0.000307693248615773	0.84240096188161	0.15012656424555	0.00543829270548605
ENSG00000186111_PIP5K1C	5913	0.429748184518295	0.0731728151183767	0.415660638341388	0.0707634871390807	0.0106548748828593
ENSG00000188000_OR7D2	5259	0.45833337453528	0.114933633945071	0.33207004560182	0.0832598994285278	0.0114030464893009
ENSG00000188321_ZNF559	5086	0.391710686890801	0.23636481423942	0.218217095710885	0.13165381080894	0.0220535923499549
ENSG00000189052_ILMN_17361	5051	0.572805152963644	0.0719950583552135	0.309141227195476	0.03884830732767	0.00721025415799605
ENSG00000189144_ZNF573	4007	0.436179251899099	0.0312736770602354	0.491933138094762	0.0352658346299324	0.00534809831597097
ENSG00000196365_LONP1	5794	0.493547861337074	0.0648123341898378	0.383696911107126	0.0503792263048632	0.00756366706109877
ENSG00000196931_ILMN_36955	8342	0.446954474926529	0.0899424431359673	0.378210832098684	0.0761000917837257	0.00879215805509427
ENSG00000197256_ANKRD25	4430	0.0686080141683557	0.557913735372078	0.0352313253055873	0.286445928774891	0.0518009963790884
ENSG00000198046_ZNF667	6230	0.543889858030074	0.0724063259669942	0.332463882628646	0.0442528716255429	0.00698706174874322
ENSG00000007341_ST7L	4101	1.15992122341382e-05	1.15080729041192e-06	0.662304775255971	0.0654378353603771	0.272244639364128
ENSG00000043514_TRIT1	4272	0.304797233320326	0.0278465901149439	0.60013630037954	0.0548166691822621	0.0124032070029288
ENSG00000049239_H6PD	3581	0.500607498871637	0.0762827942932302	0.356895614136465	0.0543720710813483	0.0118420216173189
ENSG00000049247_UTS2	4177	0.000119270290711885	0.64842971896397	5.39727077741261e-05	0.293372195917908	0.0580248421196348
ENSG00000058799_YIPF1	5074	0.591218012970039	0.0691923557769541	0.297914296432717	0.0348591580283243	0.00681617679196537
ENSG00000064886_CHI3L2	5377	0.00627167235212297	0.00072470383510445	0.844106226281384	0.097486691585797	0.0514107059455918
ENSG00000065135_GNAI3	4227	0.0200428922109972	0.00551440298782678	0.754645332295645	0.207613463694949	0.0121839088105817
ENSG00000066185_ZMYND12	4003	0.381605824910351	0.0277558954588359	0.545132678482451	0.0396440721131169	0.0058615290352452
ENSG00000067533_RRP15	5369	0.509168798956946	0.0663707367140363	0.369029715311685	0.0480961118520581	0.00733463716527453
ENSG00000069275_NUCKS1	3473	0.0745377019959091	0.175842177293144	0.209212361708265	0.493506780102402	0.0469009789002802
ENSG00000081692_JMJD4	4743	0.0103895437611138	0.00187087298105114	0.829224151395087	0.149311410603479	0.00920402125926873
ENSG00000084072_PPIE	4269	0.0169139983998312	0.00144751359738131	0.889011688028353	0.076065774814768	0.0165610251596666
ENSG00000090686_USP48	5108	4.73678513477657e-08	0.00878792574686612	5.33872280719667e-06	0.990466386194753	0.000740301967723145
ENSG00000097046_CDC7	4297	0.376731567407598	0.119399870016524	0.370841797593416	0.117517679688988	0.0155090852934745
ENSG00000116171_SCP2	3950	0.120618697912375	0.00862524377705061	0.804268197702732	0.0575029048870518	0.00898495572079072
ENSG00000116199_FAM20B	4828	0.24778868148724	0.118764318161169	0.313003279845901	0.149850872579752	0.170592847925937
ENSG00000116455_WDR77	5320	0.00481575935283223	0.000569279120224028	0.882815229357349	0.104351644688481	0.00744808748111387
ENSG00000116698_SMG7	4740	0.0103459352459065	0.00361622756327513	0.705541080309089	0.24657472580926	0.0339220310724699
ENSG00000116791_CRYZ	3883	0.0761423786502323	0.0412516269023853	0.567543055028217	0.307469987497853	0.0075929519213123
ENSG00000116885_C1orf102	3229	0.101804742585805	0.0101955819475552	0.798115827895788	0.079920058332216	0.00996378923863621
ENSG00000117174_C1orf181	5254	0.238267881269013	0.0922684659004834	0.472277561790378	0.182873644896372	0.0143124461437535
ENSG00000117289_TXNIP	428	0.937102629439688	0.0236126186621381	0.0362226179537912	0.000910566888550888	0.00215156705583134
ENSG00000117481_NSUN4	3607	0.0399194270283551	0.00733330114527427	0.77154032350896	0.141694424037351	0.0395125242800591
ENSG00000121310_ECHDC2	3945	0.272326201905198	0.0202870443326893	0.651075637488904	0.0484943112651708	0.00781680500803803
ENSG00000123473_STIL	4117	0.106520071525333	0.0117279407337089	0.788168977003064	0.086771190842651	0.00681181989524312
ENSG00000131697_NPHP4	5510	0.349789110494798	0.150229718034951	0.33876622962526	0.145479803829379	0.0157351380156125
ENSG00000134184_GSTM1	4349	1.01652919945984e-06	2.76212597440299e-07	0.780105192889909	0.211963237614228	0.00793027675406698
ENSG00000134262_AP4B1	3512	0.664114189765756	0.0441017894417117	0.268882226203997	0.0178505939691517	0.00505120061938378
ENSG00000134697_GNL2	4249	0.148543368944209	0.0183504442620533	0.732377529119834	0.0904646802925411	0.0102639773813629
ENSG00000135778_C1orf57	6008	0.0539113608926985	0.00791196308999708	0.81098342653769	0.119010718701124	0.00818253077848993
ENSG00000142632_ARHGEF19	4589	0.15986505526814	0.020080334546513	0.721838593156355	0.0906611683119012	0.00755484871709078
ENSG00000142684_ZNF593	2964	0.494063827653624	0.0696092565529249	0.373092650652029	0.0525548001018137	0.0106794650396087
ENSG00000142794_NBPF3	5346	2.58018569232037e-06	0.47868919197615	2.59005340889285e-06	0.480479074453174	0.040826563331576
ENSG00000143155_TIPRL	4899	0.00429390283306659	0.000448550127531963	0.895524886093163	0.093542224019919	0.00619043692631895
ENSG00000143156_NME7	5729	0.0514629278335064	0.00899102482069073	0.792616042616158	0.138468512369194	0.00846149236045076
ENSG00000143194_MAEL	5086	0.46380104451012	0.117659741079339	0.321796780450426	0.0816201528355011	0.0151222811246141
ENSG00000143198_MGST3	5149	0.371755811580767	0.0843310870027902	0.435585302320884	0.0988009850403868	0.00952681405517169
ENSG00000143226_FCGR2A	5025	4.70780664830687e-12	0.0855005408705204	4.95885200767436e-11	0.900584942714761	0.0139145163604231
ENSG00000143387_CTSK	2866	0.0175997706720936	0.302766796881527	0.0347943583588144	0.598516956126907	0.0463221179606581
ENSG00000143437_ARNT	2874	0.00280514735331508	0.0482597809762533	0.0511714903000382	0.880337365552917	0.0174262158174765
ENSG00000143537_ADAM15	2640	0.530082240730962	0.0568295675558082	0.310317476203811	0.0331992434827134	0.0695714720267046
ENSG00000143569_UBAP2L	3410	0.400555624896101	0.0427482412637006	0.497377656583654	0.0530750735002995	0.00624340375624566
ENSG00000143653_SCCPDH	6965	0.48392961248837	0.0881630810674491	0.354578975384597	0.0645890330741206	0.00873929798546352
ENSG00000143756_FBXO28	4133	0.00249138634571695	0.000304605728320308	0.883799626408576	0.108051122748741	0.00535325876864524
ENSG00000153898_MCOLN2	4624	0.012106246954104	0.00454484365023894	0.710883440264585	0.266869357107997	0.00559611202307459
ENSG00000159479_MED8	3979	0.14127822613889	0.0110258955393781	0.760899500314954	0.0593560799776994	0.0274402980290789
ENSG00000160714_UBE2Q1	2846	0.683636607716054	0.0751775566544311	0.210963191177687	0.0231919863016722	0.00703065815015521
ENSG00000162384_C1orf123	4133	0.0868827253075612	0.00678340837551251	0.834283373040989	0.0651301342188631	0.0069203590570742
ENSG00000162437_RAVER2	4473	0.54564562321783	0.14282265389186	0.23512318535759	0.0615285758920731	0.0148799616406477
ENSG00000162551_ALPL	5318	3.26120204415448e-06	0.605034824609027	1.83774381435194e-06	0.340893532328442	0.0540665441166726
ENSG00000162585_C1orf86	4606	1.54581126843691e-05	0.414630372583983	2.06436688991827e-05	0.553690036637175	0.0316434889972584
ENSG00000162600_OMA1	4718	0.282354681771081	0.0439738572385094	0.563769734349962	0.0877792543570091	0.0221224722834393
ENSG00000162604_TM2D1	4385	0.591101477112882	0.0692749839110282	0.297427919276834	0.0348501453633303	0.00734547433592518
ENSG00000162606_L1TD1	4747	0.604429847189642	0.0707544875049226	0.284416048526796	0.0332865964900141	0.0071130202886255
ENSG00000162769_FLVCR1	4829	0.0552049234464438	0.00957975513257567	0.788737416779671	0.136860626260309	0.00961727838099973
ENSG00000162836_ACP6	2872	0.690243438691356	0.0468646990660602	0.241388747220495	0.0163841871666284	0.00511892785546056
ENSG00000162885_B3GALNT2	4752	0.387998876798269	0.0388403077360069	0.500561721771824	0.0500858052585576	0.0225132884353421
ENSG00000168653_NDUFS5	4330	0.00406077953727795	0.000409184880407243	0.898717209050066	0.0905530750583121	0.00625975147393676
ENSG00000171488_LRRC8C	3881	0.312980024093001	0.0312382080978497	0.587259596820982	0.0586038463912687	0.00991832459689867
ENSG00000171806_C1orf156	5504	0.000415950972168268	7.18807698142021e-05	0.814272159009981	0.140670354806011	0.0445696544420254
ENSG00000175279_CORT	3335	0.693859281413077	0.0395469336091146	0.248218846529466	0.0141431530045102	0.00423178544383245
ENSG00000177000_MTHFR	4352	0.464141694918682	0.0533932445947074	0.426108119929108	0.0490106482560052	0.00734629230149773
ENSG00000177868_CCDC23	3917	0.247181025892294	0.0172914448170126	0.671606808299636	0.0469650164048075	0.0169557045862498
ENSG00000178028_DMAP1	3452	0.113815630610411	0.00660180322394262	0.821044031693561	0.0476132112418717	0.0109253232302138
ENSG00000184022_OR2T10	3723	0.552476260039717	0.0469076346344985	0.362580662131196	0.0307774153689317	0.00725802782565678
ENSG00000185523_ILMN_7435	4865	0.47330724115024	0.0826071202346949	0.3656830076763	0.0638086852196046	0.0145939457191604
ENSG00000197622_CDC42SE1	3148	0.0147145976832494	0.503247245627612	0.0116896896634482	0.399723120429317	0.0706253465963737
ENSG00000197747_S100A10	3277	0.0123487252645845	0.41210205293194	0.0155990148054156	0.520531400228599	0.0394188067694616
ENSG00000197780_TAF13	3968	0.38049372870507	0.110147414393141	0.384756330766161	0.111368141464849	0.0132343846707797
ENSG00000198216_CACNA1E	4608	0.407080440434993	0.046497203768725	0.484449515509239	0.0553277448699251	0.00664509541711873
ENSG00000203666_EFCAB2	5733	0.0466289142804315	0.00769740461763486	0.804550594105651	0.132805228280158	0.00831785871612473
ENSG00000203965_ILMN_14353	4577	0.362054178623937	0.0347014923702765	0.534708815424338	0.0512324683267817	0.0173030452546662
ENSG00000204138_PHACTR4	3242	0.134899784868763	0.0237801626554308	0.707893351997821	0.124778942300495	0.00864775817748992
ENSG00000088766_CRLS1	5783	0.00933190556547703	0.00117513487212292	0.805824540508959	0.101392445531131	0.0822759735223096
ENSG00000088832_FKBP1A	6028	0.395882535930136	0.0598678992374568	0.46629764616191	0.0705090815392081	0.00744283713128839
ENSG00000088833_NSFL1C	6056	0.0893900154812791	0.0136130458140452	0.773196964198214	0.117742727561302	0.00605724694516019
ENSG00000100991_TRPC4AP	2987	4.07940876955363e-06	2.33336607213464e-06	0.615647220049885	0.352109560404102	0.0322368067711717
ENSG00000100994_PYGB	4342	0.000618780615168544	5.22690529322387e-05	0.88773069062133	0.0749509028672704	0.0366473568432992
ENSG00000100997_ABHD12	4228	2.11944005105283e-06	1.6601084577194e-07	0.893420416823895	0.069942924120242	0.0366343736049674
ENSG00000101052_IFT52	4516	1.5747009139285e-09	0.635347363692107	7.77898561052838e-10	0.313809265311805	0.050843368643488
ENSG00000101158_TH1L	4592	0.467181771009432	0.113622119982036	0.325674974802819	0.079192274133531	0.0143288600721811
ENSG00000101161_PRPF6	4176	1.19175995277398e-06	0.498775582395605	1.10657244744286e-06	0.463084755507024	0.0381373637649715
ENSG00000101182_PSMA7	6432	0.35414450951756	0.0629592914493202	0.487994414381475	0.0867467761989735	0.00815500845267126
ENSG00000101190_TCFL5	6351	6.76127995039536e-07	0.282971042020963	1.65479395768036e-06	0.69253486677867	0.0244917602784148
ENSG00000101220_C20orf27	5733	0.560603240337386	0.0595410395466243	0.337689194440472	0.0358592822393276	0.00630724343619013
ENSG00000101311_C20orf42	5805	0.565384782382773	0.0724201904639644	0.31500784219487	0.0403425397744878	0.00684464518390504
ENSG00000101343_CRNKL1	4175	0.00684610530975195	0.00058801423309581	0.89548096977448	0.0768929625930445	0.0201919480896284
ENSG00000124193_SFRS6	4681	1.06457410163552e-09	0.429525596185018	1.33058352680793e-09	0.536819234404604	0.033655167015219
ENSG00000125821_DTD1	5333	0.427886713877474	0.0645854174432336	0.433438759281531	0.0654147713927521	0.00867433800500927
ENSG00000125870_SNRPB2	5936	0.523100657635856	0.095236304517369	0.315233594743417	0.057382742403086	0.00904670070027272
ENSG00000125878_TCF15	4675	0.614693565060573	0.0660824483343541	0.282474951838477	0.030360997391128	0.00638803737546808
ENSG00000125977_EIF2S2	2539	0.0322543392841949	0.00332716738621199	0.868617338413502	0.0895952351143302	0.00620591980176056
ENSG00000166948_TGM6	5586	0.549443115182687	0.0698922897870292	0.330275169106735	0.0420044953673301	0.00838493055621904
ENSG00000214078_CPNE1	2806	0.0512361414043905	0.0285348030345674	0.421249975662464	0.234340949924999	0.264638129973579
ENSG00000154719_MRPL39	4650	0.400616706750376	0.0644863190678518	0.452381041154017	0.0728089940001778	0.00970693902757697
ENSG00000156261_CCT8	5022	0.440144328925602	0.0385215928624879	0.473195290652046	0.0414074938433881	0.0067312937164756
ENSG00000160188_RSPH1	7087	0.420510631238163	0.0923950419750839	0.38834602717089	0.0853143671165771	0.013433932499286
ENSG00000160193_WDR4	6467	0.444762408419368	0.0913452659162135	0.376118987454277	0.0772367493210137	0.0105365888891282
ENSG00000160194_NDUFV3	6363	0.301008266251795	0.0610211096041845	0.510622642384125	0.103490775848171	0.0238572059117251
ENSG00000160213_CSTB	5735	6.07406079648386e-06	0.417401241396018	7.96203325257175e-06	0.547104674621561	0.0354800478883728
ENSG00000182362_C21orf57	4417	0.228191766155222	0.0216425673720605	0.675191951873207	0.0640268032393127	0.0109469113601972
ENSG00000182852_C21orf121	7280	0.445656057147468	0.102967613433691	0.357493921967967	0.0825866974547444	0.0112957099961295
ENSG00000185808_PIGP	5240	0.00274458586685803	0.00128956534792679	0.67249483987915	0.315969510786258	0.00750149811980797
ENSG00000025708_ECGF1	3835	0.00199757559023858	0.537287736233734	0.00155341525635576	0.417780588404848	0.0413806845148235
ENSG00000099940_SNAP29	2996	0.0783777164745686	0.0771554740991101	0.403781043746659	0.397441133119318	0.0432446325603443
ENSG00000100033_PRODH	5516	0.552990520476599	0.0698824046613202	0.328292430351465	0.041479548595122	0.00735509591549361
ENSG00000100092_SH3BP1	4566	0.0644046416494798	0.0225469480078741	0.570198751271433	0.199473316955262	0.143376342115951
ENSG00000100101_NOL12	4638	0.192014328173109	0.0672333405437923	0.515873363456075	0.180587486640313	0.0442914811867099
ENSG00000100162_CENPM	4147	0.549936959660337	0.0395544345569584	0.378057231262271	0.0271866520055123	0.00526472251492157
ENSG00000100266_PACSIN2	5654	0.000225426339888368	4.24219688076404e-05	0.816976857093507	0.153714158373413	0.0290411362243834
ENSG00000100296_THOC5	3942	0.0335311641510802	0.19545731292798	0.0872784536136561	0.508581775336178	0.175151293971106
ENSG00000100299_ARSA	3550	0.00236321193130619	0.635624030148684	0.00113222965687469	0.304475053605603	0.0564054746575318
ENSG00000100304_TTLL12	6013	0.46187297876181	0.0958975996199117	0.357418539641144	0.0741993587225175	0.0106115232546174
ENSG00000100321_SYNGR1	3684	0.00099774046932644	0.00521515886726321	0.150814632748223	0.78824874142303	0.0547237264921567
ENSG00000100330_MTMR3	4298	0.0323371489897125	0.193152972644703	0.067013652227169	0.399971613773456	0.307524612364959
ENSG00000100347_SAMM50	7035	0.241746019104265	0.0831000260113179	0.490749397245162	0.168679038627332	0.0157255190119231
ENSG00000100417_PMM1	3529	0.0373629911737025	0.00171874856818815	0.908441245996429	0.0417788385233035	0.0106981757383771
ENSG00000128408_RIBC2	6497	0.0994394870052745	0.0185628906491028	0.63913459240177	0.119186930845039	0.123676099098814
ENSG00000179750_APOBEC3B	3924	0.109769903792999	0.572281560753332	0.0431316624267575	0.224815414639799	0.0500014583871126
ENSG00000184674_GSTT1	5043	0.000760308303702743	8.94052110185132e-05	0.888480941380097	0.104470927062717	0.00619841804246397
ENSG00000184983_NDUFA6	4361	0.615007094087876	0.0553848909975117	0.297014379762023	0.0267419846036174	0.00585165054897113
ENSG00000185838_GNB1L	4455	0.382132178126135	0.0479095554205014	0.495281245908845	0.0620829468356264	0.0125940737088926
ENSG00000188130_MAPK12	5087	0.00202734792221772	0.545364430469845	0.00148234424725444	0.398703912507741	0.0524219648529414
ENSG00000189306_ILMN_12816	5198	0.404140741797702	0.0710687463933052	0.438785720884493	0.077152264612809	0.00885252631169032
ENSG00000035141_FAM136A	4522	0.462820406934892	0.037161548559193	0.457859931847318	0.0367578535553434	0.00540025910325277
ENSG00000068878_PSME4	5751	0.294730049793702	0.0346981490602688	0.594279744466057	0.0699573733655089	0.00633468331446402
ENSG00000079785_DDX1	5015	0.0824369391708946	0.00872309679210971	0.814321033567567	0.0861593374017845	0.00835959306764405
ENSG00000087338_GMCL1L	4226	0.227874097876504	0.0187208423048949	0.690845923087988	0.0567501703381044	0.00580896639250929
ENSG00000115053_NCL	4565	0.583626014241339	0.0659616034269547	0.308652577849463	0.034877132845181	0.00688267163706238
ENSG00000115350_POLE4	4176	0.410399565680299	0.0631020963425672	0.448975765344065	0.0690249867777443	0.0084975858553252
ENSG00000115364_MRPL19	5615	0.406215917543566	0.0705134414781435	0.437746257913831	0.0759771233915894	0.00954725967287028
ENSG00000115750_TAF1B	5785	0.0639421240701858	0.0118136438941187	0.756579776450316	0.13975418465393	0.0279102709314491
ENSG00000115816_CEBPZ	5910	0.160715216708331	0.0942437522736616	0.289606203828119	0.169539812155094	0.285895015034794
ENSG00000115866_DARS	3318	0.220182069125716	0.0261582416220232	0.667519049542573	0.0792962735242557	0.00684436618543211
ENSG00000115934_PPIL3	3577	0.00103892309917935	0.0001181169840746	0.891459161661752	0.101345512839332	0.00603828541566156
ENSG00000118640_VAMP8	4410	0.0359312413948402	0.0056857879637469	0.819250540962541	0.12962934835471	0.00950308132416241
ENSG00000118961_C2orf43	4556	0.549090290601532	0.0537758097636925	0.355953592374968	0.0348544119394159	0.00632589532039164
ENSG00000119878_CRIPT	6045	0.00102442885816996	0.000154492517592148	0.863276026491673	0.130183949405272	0.00536110272729353
ENSG00000123983_ACSL3	4896	0.41646850957031	0.0321049240749972	0.507134226599527	0.0390890029877603	0.00520333676740573
ENSG00000130414_NDUFA10	6653	1.96437817227663e-07	0.524304335001373	1.57602291059261e-07	0.420594882220747	0.055100428737772
ENSG00000132305_IMMT	3842	0.00303665728869943	0.00043826535503425	0.855348936727999	0.123430430950988	0.0177457096772796
ENSG00000132313_MRPL35	3713	0.59558767928757	0.0802188507629861	0.278286266206804	0.0374735446197689	0.00843365912287033
ENSG00000132329_RAMP1	5816	0.428484082062883	0.102953623934459	0.367757086502467	0.0883500450282603	0.0124551624719312
ENSG00000135632_SMYD5	3167	0.70241539186948	0.0435212591181135	0.235067657420692	0.0145602232041189	0.00443546838759546
ENSG00000135899_SP110	5082	0.370921131915627	0.0471248367297099	0.498875600617363	0.0633614959557175	0.0197169347815832
ENSG00000135951_TSGA10	3439	0.00413983460789761	0.000441041639891879	0.89434236016648	0.0952739023714818	0.00580286121424829
ENSG00000136718_IMP4	2880	0.639835084481858	0.033792516000671	0.305409835433179	0.0161252045855998	0.00483735949869245
ENSG00000138035_PNPT1	5650	0.021920881875389	0.00314996433965172	0.845166365079197	0.121439523870434	0.0083232648353284
ENSG00000138036_DYNC2LI1	5386	0.303359421844497	0.325304868691623	0.164737536188011	0.176624907774234	0.0299732655016346
ENSG00000138095_LRPPRC	5281	0.173834986072093	0.185364757905729	0.300591642533655	0.320508971287301	0.0196996422012205
ENSG00000138399_FASTKD1	5493	0.507784837377955	0.110790183097522	0.304175148561196	0.0663550498517085	0.0108947811116186
ENSG00000144120_TMEM177	4302	0.413190586649722	0.047314317174733	0.477019310970276	0.0546154629260154	0.00786032227925354
ENSG00000144401_FAM119A	4337	0.473228685257261	0.085120323846766	0.365796664191457	0.0657863037695245	0.0100680229349911
ENSG00000151665_PIGF	6000	0.050058072340653	0.00749100970214578	0.814086132835238	0.121818502791694	0.00654628233026981
ENSG00000151690_ILMN_5981	3444	0.180627220506055	0.0231598929897959	0.696893411738667	0.0893452004105163	0.00997427435496633
ENSG00000158089_GALNT14	4767	0.465841062210587	0.172742719422006	0.252488416392218	0.0936121878592271	0.0153156141159615
ENSG00000163082_SGPP2	4551	0.21796580436141	0.0157543561014408	0.708731679324304	0.0512201076223077	0.00632805259053721
ENSG00000168385_SEPT2	5280	1.35729745112829e-07	0.362270874617649	2.26659929078963e-07	0.604936226450062	0.032792536542615
ENSG00000171103_ILMN_29305	4765	0.000550982285316178	7.47848838804218e-05	0.863604460427331	0.117198553565148	0.0185712188383247
ENSG00000171853_TTC15	6243	0.170417403377793	0.0974792942293807	0.457855454731447	0.261882404114418	0.0123654435469623
ENSG00000172954_LYCAT	5412	0.325191341631669	0.116901416697403	0.401326693136825	0.14425861329562	0.0123219352384824
ENSG00000173272_FAM128A	3769	0.554469635603421	0.0415137735431963	0.369865129867824	0.0276857581032918	0.00646570288226684
ENSG00000174501_ILMN_40651	2155	0.0574114748535347	0.00613506435223001	0.832122710061923	0.0889062830516936	0.0154244676806183
ENSG00000176732_PFN4	4751	0.258920783087639	0.0774358541559915	0.501148603569289	0.149866689123779	0.0126280700633013
ENSG00000182551_ADI1	6250	0.327196924838741	0.188261008491713	0.295779313829262	0.170165495823709	0.0185972570165761
ENSG00000183891_TTC32	5166	0.423410245429302	0.0424182658540336	0.478780248357156	0.0479579338042061	0.00743330655530152
ENSG00000196151_WDSUB1	5675	0.0384369391702319	0.0167847283824662	0.652787335868961	0.285053693449695	0.00693730312864606
ENSG00000196912_KIAA1641	2495	0.238882360705777	0.0314158108211604	0.633176424800997	0.0832568008958538	0.0132686027762119
ENSG00000198369_SPRED2	4718	0.571131384827785	0.0804466367880783	0.297849453823508	0.0419449184005829	0.00862760616004527
ENSG00000213639_PPP1CB	4671	0.269275904091154	0.0365740562409477	0.596488417994996	0.0810006176137774	0.0166610040591248
ENSG00000214587_ILMN_36450	3703	1.87443409511638e-12	7.80218565085421e-06	2.4023844515613e-07	0.999973762939728	1.81946342995611e-05
ENSG00000011376_LARS2	4388	0.205213209813203	0.161747106902447	0.343482768321968	0.270711016460228	0.0188458985021545
ENSG00000075975_MKRN2	5351	0.221510116788114	0.025979455992657	0.667824584042551	0.0783183593662225	0.00636748381045527
ENSG00000113851_CRBN	7352	0.376944233018176	0.071783044008544	0.455726347546014	0.0867770775097482	0.00876929791751777
ENSG00000114316_USP4	2005	2.20063776169148e-10	0.668026384650396	8.46444722419032e-11	0.25687196049591	0.0751016545489857
ENSG00000114383_TUSC2	2382	2.18954281274547e-10	0.664657315683699	8.99804906431632e-11	0.273082393591899	0.0622602904154686
ENSG00000114491_UMPS	5029	0.113922706807637	0.0722355985071598	0.483205794793501	0.306364689929929	0.0242712099617732
ENSG00000114742_WDR48	4623	0.0769354413984506	0.00889792759355331	0.813791939827726	0.0941124120949623	0.00626227908530765
ENSG00000121542_SEC22A	4194	0.361937334008842	0.0488128773088272	0.511851989320316	0.0690228246482613	0.008374974713754
ENSG00000129055_ANAPC13	4480	0.000146680699198853	1.27337748662739e-05	0.912614530928792	0.0792186941757018	0.00800736042144061
ENSG00000132182_NUP210	5128	0.0132204564500755	0.00133096366496527	0.880026380470484	0.0885794277913667	0.0168427716231083
ENSG00000144559_C3orf31	4900	0.297654234384598	0.0352734549755269	0.589577029509718	0.0698600716888416	0.00763520944131529
ENSG00000145088_EAF2	4893	0.00832616432365126	0.00119726096689434	0.859665414074228	0.123608402802157	0.00720275783306892
ENSG00000154174_TOMM70A	3965	0.63365578379136	0.0526982920343942	0.284557797164611	0.0236599596966162	0.00542816731301825
ENSG00000157017_GHRL	4921	0.247431470349057	0.295961923171744	0.194708840214624	0.232869409045126	0.0290283572194495
ENSG00000160124_CCDC58	4777	0.000580092353923606	7.74300283861282e-05	0.874873412563398	0.116769349164113	0.00769971589018017
ENSG00000163602_RYBP	4856	0.533323657396166	0.089004240507618	0.315599375752977	0.0526596976586486	0.00941302868459015
ENSG00000163864_NMNAT3	4068	0.346222247207253	0.0796366437373038	0.457335675656039	0.105182883477234	0.0116225499221701
ENSG00000164054_ILMN_5730	1696	6.86671085422428e-08	0.748211200528275	1.65564115952502e-08	0.180330671289482	0.0714580429587223
ENSG00000168297_PXK	4017	0.547679072529923	0.0522081302673194	0.358686522917357	0.0341849592872589	0.00724131499814133
ENSG00000168827_GFM1	4529	0.0908343648579691	0.00871196154345913	0.815327670478555	0.0781914799385023	0.0069345231815143
ENSG00000170819_BFSP2	4738	0.0740046601615954	0.00619582766325699	0.841150023740097	0.0704146354724756	0.00823485296257543
ENSG00000172113_NME6	1606	0.000104757578959111	0.516942107139338	8.81918274395128e-05	0.43514818564889	0.047716757805372
ENSG00000173226_IQCB1	4924	0.231430843247443	0.0330765017083623	0.636852969858864	0.0910125153917144	0.00762716979361641
ENSG00000178252_WDR6	1916	1.03673381392114e-10	0.314711278529382	2.1747642675586e-10	0.660147058716323	0.025141662433146
ENSG00000178750_STX19	1898	0.427527277363681	0.0143018477238439	0.519262002045534	0.0173490419417336	0.0215598309252073
ENSG00000180376_CCDC66	4919	0.160968132865269	0.0209550665991344	0.667602347957295	0.0868458199281588	0.0636286326501426
ENSG00000182923_CEP63	4481	0.185539205638987	0.0160960323521073	0.727991688684237	0.0631480403610611	0.00722503296360743
ENSG00000184203_PPP1R2	6232	0.489806775257733	0.11089602725099	0.316505582015906	0.071648158580848	0.0111434568945223
ENSG00000196455_PIK3R4	3853	0.430294202462648	0.0292680363374777	0.500681332746039	0.0340499683699294	0.00570646008390553
ENSG00000197548_ATG7	5327	0.496562465371601	0.0731157674034024	0.367360269542966	0.0540826602825666	0.00887883739946424
ENSG00000213533_MUSTN1	3132	0.0286803708326649	0.365051022424202	0.0389707241611626	0.495957905343437	0.0713399772385335
ENSG00000033178_UBE1L2	4303	0.074933303732266	0.00529386534018574	0.853759649204155	0.0603104503094249	0.00570273141396828
ENSG00000038002_AGA	5282	0.0637481837642751	0.0170979309599681	0.717007782099278	0.192299154377817	0.00984694879866221
ENSG00000056050_C4orf27	4784	0.554489783585154	0.0504295801916325	0.356971436438703	0.0324600882436421	0.00564911154086871
ENSG00000059691_PET112L	3679	0.253644632050113	0.0239800305381355	0.645540997164084	0.0610148149513472	0.0158195252963203
ENSG00000078177_ILMN_7118	4992	8.06148978801071e-06	7.56136951923929e-07	0.908475107258296	0.0852051843247315	0.00631089079023278
ENSG00000087008_ACOX3	7357	0.298263506304196	0.0470741264478658	0.55550486908618	0.08766234323648	0.0114951549252782
ENSG00000109181_UGT2B10	4987	0.476693927585729	0.0429545946831052	0.43491924413735	0.0391840556432421	0.00624817795057442
ENSG00000109323_MANBA	4185	0.00139640778341877	0.00104902657423057	0.388454955445844	0.291502296554738	0.317597313641768
ENSG00000109674_NEIL3	5383	0.41601986901847	0.119923906419112	0.348728239145659	0.10051127791311	0.0148167075036483
ENSG00000109775_C4orf20	6496	0.34974185878974	0.157993907749064	0.328385530299379	0.148330759128803	0.015547944033014
ENSG00000109814_UGDH	5389	0.135433405161522	0.0160920682416185	0.746163121128377	0.0886447248754385	0.0136666805930446
ENSG00000118564_FBXL5	5624	0.0425299006776595	0.00568586289686459	0.834253008512739	0.111526073503652	0.00600515440908442
ENSG00000121895_TMEM156	5507	0.00549922261907748	0.00155900408786725	0.768890792534558	0.217970890787042	0.00608008997145461
ENSG00000125089_SH3TC1	8127	0.421191975736732	0.0751761141366602	0.420437678400761	0.0750333230691009	0.00816090865674589
ENSG00000128039_ILMN_17863	5268	0.44034458079561	0.1236285491921	0.330214466407509	0.0926959509109683	0.0131164526938126
ENSG00000132465_IGJ	5009	0.59481960099941	0.06274196546476	0.303876348582855	0.0320465629850427	0.00651552196793301
ENSG00000138785_INTS12	3813	0.384727513198027	0.204993898835682	0.254287976709457	0.135471438080938	0.0205191731758958
ENSG00000145214_DGKQ	4880	0.0267393168960874	0.00422967146688792	0.829199007220978	0.131155458830197	0.00867654558584946
ENSG00000145247_OCIAD2	2358	0.0602643423540845	0.00181974876295911	0.904564271188872	0.0273082796597359	0.00604335803434858
ENSG00000145348_ILMN_16160	3944	0.000874864906782217	0.000471911208607735	0.641360737749993	0.345945289718374	0.0113471964162428
ENSG00000145439_CBR4	4675	0.447288768057471	0.185696566532079	0.246557677541565	0.102342860350852	0.0181141275180326
ENSG00000157426_ILMN_5103	5885	0.395671252461733	0.079674845137515	0.428419413744902	0.0862592450539509	0.00997524360189931
ENSG00000163110_PDLIM5	4910	0.455631027452588	0.0438231286858373	0.449458632228125	0.0432215948288916	0.00786561680455809
ENSG00000163743_RCHY1	5392	0.420887335232514	0.110108321355854	0.360626367288201	0.0943294030226271	0.0140485731008038
ENSG00000164111_ANXA5	5283	0.0308153212680237	0.500377745629438	0.0237530143430709	0.385640923064822	0.0594129956946446
ENSG00000164306_CCDC111	5977	0.257325599784429	0.0352852491981212	0.614965391006573	0.084317771763773	0.00810598824710425
ENSG00000168993_ILMN_30247	4765	0.557985151761879	0.0869711356763318	0.299614355701386	0.0466910720919101	0.00873828476849283
ENSG00000170871_KIAA0232	7441	0.476941481410935	0.0860556079275798	0.363048568834054	0.0654972002943187	0.00845714153311248
ENSG00000171234_UGT2B7	4875	0.374872088070479	0.0365663286790867	0.529727547584084	0.0516642996310957	0.00716973603525419
ENSG00000174130_TLR6	5635	0.287802933956498	0.0826581005501969	0.479723932233766	0.137766494862096	0.0120485383974434
ENSG00000174137_FAM53A	5066	0.0512913687607913	0.00687704780921254	0.686977529137566	0.0919457139459283	0.162908340346502
ENSG00000174780_SRP72	6015	0.39873264702753	0.085204112961294	0.416960499686873	0.0890891604671205	0.0100135798571828
ENSG00000179979_CRIPAK	5117	0.430300144262513	0.0617023566155404	0.436085868223372	0.0625226043154889	0.00938902658308582
ENSG00000197888_UGT2B17	4434	0.359249102354838	0.0261147908594852	0.56673164789985	0.041190545485003	0.00671391340082401
ENSG00000198498_ILMN_19458	5155	0.492863830014953	0.0441769738232146	0.419692216736189	0.0376127119900336	0.00565426743560986
ENSG00000213759_UGT2B11	4877	0.29132255000146	0.0276340997059735	0.615215017653197	0.0583502190105912	0.00747811362877881
ENSG00000013561_RNF14	4525	0.24571356220875	0.0303184948823731	0.621103965402207	0.0766115091072938	0.0262524683993759
ENSG00000037474_NSUN2	6323	0.219462938417493	0.0403112543576109	0.619425957881549	0.113769981977653	0.00702986736569306
ENSG00000047188_YTHDC2	5883	0.376545971525906	0.0591186816337623	0.480215737532607	0.0753863670895332	0.00873324221819144
ENSG00000063438_AHRR	4017	0.0148140588670756	0.349363417436114	0.0240021850018946	0.566003329510178	0.0458170091847373
ENSG00000082196_AMACR	4835	0.00716540108844463	0.00100949218080323	0.863985887719523	0.121715883180139	0.00612333583109041
ENSG00000112992_NNT	4217	0.0949667496952379	0.0132195433163826	0.734904322503204	0.102245346817765	0.0546640376674107
ENSG00000113196_HAND1	5061	0.461523275058346	0.0813167103827239	0.378903469541277	0.0667482530479151	0.0115082919697379
ENSG00000113318_MSH3	4947	0.295379335619738	0.0416040769742179	0.572483749484989	0.0806242289487221	0.00990860897233251
ENSG00000113384_GOLPH3	5087	0.546876835761499	0.0816091912283121	0.315850294165288	0.0471250852326035	0.00853859361229732
ENSG00000113621_TXNDC15	3829	0.00174655538435648	0.648767873646706	0.000804390288276957	0.298745385315957	0.0499357953647041
ENSG00000120314_WDR55	3015	0.0149487969115936	0.000927226363669524	0.921353825034346	0.0571430224839971	0.0056271292063929
ENSG00000123219_CENPK	3902	0.0244270415261166	0.00178272164762231	0.885517918603528	0.0646027388690103	0.0236695793537226
ENSG00000145495_MARCH6	5363	0.335448456788179	0.100243275387357	0.414921566844293	0.123967092646956	0.0254196083332147
ENSG00000145839_IL9	4172	0.00173580974389122	0.644748191145915	0.000688622037214782	0.255684237533059	0.0971431395399198
ENSG00000146066_HIGD2A	3538	0.391596505919189	0.135142826790756	0.341278601718082	0.117763530403419	0.0142185351685536
ENSG00000150753_CCT5	5347	0.00499503358717832	0.00150264268408113	0.759960702374787	0.228612029570189	0.00492959178376419
ENSG00000155542_C5orf35	4876	0.146438188750497	0.0456489606418221	0.544597008297041	0.169672779272073	0.0936430630385669
ENSG00000161011_SQSTM1	6404	0.000203698577896284	6.00897743943909e-05	0.765663556749526	0.22585762489015	0.00821503000803426
ENSG00000164219_PGGT1B	5738	0.0969915723521187	0.0117514962354366	0.778899704424717	0.0943534629764167	0.0180037640113113
ENSG00000164253_WDR41	4782	0.0648739522380462	0.00715895534254679	0.824518612496375	0.0909746129734058	0.0124738669496263
ENSG00000164307_ILMN_10385	4848	0.00858243527271437	0.0122820821022769	0.350221878273086	0.501064846121629	0.127848758230294
ENSG00000164308_ILMN_22173	5058	6.52524125381076e-09	9.40109193787804e-09	0.401129533537669	0.577897218157623	0.0209732323783753
ENSG00000164338_UTP15	4855	0.403830878795504	0.0351041661677143	0.509824160408599	0.0443110086953433	0.00692978593283902
ENSG00000164346_ILMN_8436	4669	0.077585382982906	0.00973082899909209	0.803510173886645	0.100768568664186	0.00840504546717112
ENSG00000169045_HNRPH1	6553	0.390528771956779	0.115651708058133	0.370721349382223	0.109772586103501	0.0133255844993646
ENSG00000169131_ZNF354A	6228	0.26817035770867	0.0339572917010126	0.613299541315268	0.0776526377396501	0.00692017153539989
ENSG00000171421_MRPL36	7056	0.0199695015455307	0.00294539124423434	0.845990510178427	0.124772608306737	0.00632198872507122
ENSG00000205464_ILMN_15537	3778	0.0346017635105071	0.00251348163736587	0.884942423681555	0.0642687879959377	0.0136735431746345
ENSG00000205550_ILMN_31744	1966	0.759388809624331	0.0188790195496309	0.213082704150266	0.00529405282598347	0.00335541384978796
ENSG00000009844_VTA1	3639	0.575317508834368	0.1309486946691	0.228914669675408	0.0520908088146221	0.0127283180065018
ENSG00000010017_RANBP9	4398	0.305385141762701	0.150083257315869	0.354046701059931	0.173981753056182	0.0165031468053176
ENSG00000030110_BAK1	7261	8.1291502150812e-45	0.443441316906486	9.54678777628297e-45	0.520736956698568	0.035821726394943
ENSG00000031691_CENPQ	4828	0.0329339226694748	0.00322981160914485	0.872222302949707	0.0855322778993959	0.00608168487227749
ENSG00000047932_GOPC	4393	0.497619575583025	0.159074524871173	0.24951438674795	0.0797484592031722	0.014043053594679
ENSG00000048544_MRPS10	4440	0.0055905024251407	0.00113425525953353	0.821369372680226	0.166642107105727	0.00526376252937324
ENSG00000051620_HEBP2	5015	3.7940626861743e-06	0.571310066763538	2.50987412430142e-06	0.377886119227746	0.0507975100719057
ENSG00000071242_RPS6KA2	6886	0.215063034845301	0.149773837314814	0.364158572418899	0.253589285768003	0.0174152696529819
ENSG00000111801_BTN3A3	4800	0.000536660062603622	5.71491990475913e-05	0.894267490806723	0.0952210756901445	0.00991762424148083
ENSG00000111850_C6orf162	5013	0.0650270435291926	0.00609276227593694	0.839834251928633	0.0786785929737053	0.0103673492925317
ENSG00000112096_SOD2	5607	0.289657073040944	0.0405394803602572	0.579825321108982	0.0811416666886044	0.00883645880121219
ENSG00000112242_E2F3	5391	0.448282549784694	0.150282124758247	0.288719769049965	0.0967743987147355	0.0159411576923586
ENSG00000112297_AIM1	4874	5.14390154986117e-05	0.0699151486298073	0.000678473137243201	0.922163456066865	0.00719148315058697
ENSG00000112584_FAM120B	3888	0.34332511190703	0.0536949614179709	0.513683208997313	0.0803294616312624	0.00896725604642348
ENSG00000124532_MRS2L	6679	0.456952013844837	0.0984122063607457	0.357404220584405	0.0769626666557663	0.010268892554246
ENSG00000124587_PEX6	4008	1.15292423783983e-07	1.51120240980422e-07	0.431107608172398	0.565073082780268	0.00381904263466888
ENSG00000124588_NQO2	5792	0.469503016673443	0.0591525133618161	0.411863287982844	0.05188290674913	0.00759827523276645
ENSG00000124596_C6orf130	5195	0.499819172613929	0.13018375310608	0.283050046012958	0.073710460572828	0.0132365676942049
ENSG00000124688_MAD2L1BP	4151	0.0023267011075845	0.00300142827206278	0.432032075770573	0.557313050949213	0.00532674390056726
ENSG00000124762_CDKN1A	4784	0.0118345194415782	0.00340536025017379	0.550856455649476	0.158232216166266	0.275671448492506
ENSG00000130023_C6orf70	5959	0.0257135404819313	0.00521163900100787	0.788857903102209	0.159865939941885	0.0203509774729675
ENSG00000130340_SNX9	5041	0.595545112383856	0.06018009095161	0.307173335925518	0.031033930800183	0.00606752993883294
ENSG00000130348_QRSL1	4952	5.27427790372485e-06	0.00716871319208097	0.000729455149379911	0.991463003335112	0.000633554045523623
ENSG00000135541_AHI1	3392	0.246773568648237	0.0170536502205973	0.682803088586396	0.0471799213917252	0.006189771153044
ENSG00000145979_TBC1D7	4364	0.568661079634716	0.0798567234351761	0.301264049713483	0.0422984042882231	0.00791974292840234
ENSG00000145996_CDKAL1	5132	0.455622520074069	0.151356324713484	0.283275964682232	0.0940877000147265	0.0156574905154892
ENSG00000146085_MUT	4797	0.00989238031376185	0.000949917213605305	0.890519638673996	0.0854991348615477	0.0131389289370895
ENSG00000146223_RPL7L1	3938	0.174050125010624	0.230348678887445	0.245972744319848	0.325511395733373	0.02411705604871
ENSG00000146243_IRAK1BP1	5360	0.420612247173268	0.0497808385046255	0.466189085735689	0.0551667557073378	0.00825107287907961
ENSG00000146281_ACY1L2	4265	0.0152728990276723	0.00285213567728964	0.815726840362985	0.15231898076354	0.013829144168513
ENSG00000146453_PNLDC1	5558	0.581404839342181	0.0734588732403327	0.300332288529671	0.0379392788622017	0.00686472002561325
ENSG00000164414_SLC35A1	4901	0.142592337269034	0.0121952377819041	0.773330807686051	0.0661335218290759	0.00574809543393545
ENSG00000164484_KIAA1913	5431	0.00106867924567186	0.000168104810371372	0.856947618456335	0.134792091834362	0.00702350565325886
ENSG00000168405_CMAH	6208	0.0209893190601705	0.00481880927619804	0.75439292276294	0.173149803950402	0.046649144950289
ENSG00000180992_MRPL14	4324	0.079387850970395	0.106487852618781	0.342716200730288	0.459694801334008	0.0117132943465274
ENSG00000186470_BTN3A2	4936	5.14169138557648e-05	8.25734183406431e-06	0.853681415530648	0.137088503039326	0.00917040717433573
ENSG00000188820_FAM26F	4478	0.0106643540175005	0.0685189837153064	0.0207388429219761	0.132480458556454	0.767597360788763
ENSG00000196126_HLA-DRB1	6890	1.0365049578792e-56	5.65408575345687e-13	1.83319638765621e-44	0.999999999994543	4.89101525564107e-12
ENSG00000196306_ILMN_5683	925	2.16124327226344e-06	0.000179530577553252	0.0118530378526746	0.984607101357238	0.00335816896926128
ENSG00000197498_BXDC1	4441	0.0103632877612254	0.477382110284819	0.00986100008979781	0.454196164086139	0.0481974377780185
ENSG00000198502_HLA-DRB5	6721	2.20720367737468e-54	1.20401921595789e-10	1.83319638660473e-44	0.99999999942051	4.59083205881707e-10
ENSG00000204261_PSMB9	7842	1.99617605554278e-49	1.08890464162658e-05	1.83317466028801e-44	0.999988146853388	9.64100196274641e-07
ENSG00000005075_POLR2J	3894	0.41651018435687	0.131894714118524	0.311120728297855	0.0984794363663255	0.0419949368604247
ENSG00000064419_TNPO3	4627	0.000108419363707301	0.00120872201151719	0.0215785864689636	0.239833338878435	0.737270933277376
ENSG00000105778_KIAA0241	5537	0.291339355358377	0.026383093938607	0.619402317589459	0.0560850121057036	0.00679022100785321
ENSG00000105829_BET1	3629	0.390921983924198	0.0388386039233702	0.512502273215015	0.0509109364657042	0.00682620247171326
ENSG00000105928_DFNA5	6217	0.377415732979905	0.0590567726463693	0.47925714133182	0.0749832942289659	0.00928705881293974
ENSG00000105971_CAV2	3286	0.00315305430399693	0.000515088616928647	0.849000307438859	0.138685569840183	0.00864597980003161
ENSG00000106121_ILMN_22269	4683	5.21788299891856e-05	5.84020821390269e-06	0.891214999614197	0.0997418364465155	0.00898514490108537
ENSG00000106153_CHCHD2	5039	4.99811931076205e-05	4.80806943837073e-06	0.904535755809244	0.0870057400662898	0.00840371486192057
ENSG00000106392_C1GALT1	7184	0.167094267699574	0.393796029668579	0.120462770955089	0.283863411061858	0.0347835206148996
ENSG00000106591_MRPL32	5148	0.319653218956255	0.0346223928703331	0.574639827520503	0.0622317400704215	0.00885282058248755
ENSG00000106610_ILMN_35010	6787	0.105483505894792	0.0127322509164931	0.780546098079336	0.0942077825442777	0.00703036256510115
ENSG00000126870_WDR60	4582	0.248054613516441	0.0205875267393502	0.668095067909725	0.0554413592136717	0.00782143262081209
ENSG00000127952_STYXL1	3256	0.449855102638983	0.0326728603231815	0.463944066898615	0.0336762864875588	0.0198516836516621
ENSG00000128534_LSM8	3637	0.0931267974087716	0.0146612501500761	0.755182262452977	0.118872606550625	0.0181570834375497
ENSG00000128578_FAM40B	4777	0.0426888774720654	0.475955163091104	0.0345392780785684	0.385030272797996	0.0617864085602661
ENSG00000128604_IRF5	4595	9.93575980499229e-10	1.10763045532542e-08	0.0136719083230648	0.151578577090129	0.834749502516927
ENSG00000136240_KDELR2	6488	0.185859844676979	0.404902098219264	0.115606346521718	0.251810602181098	0.0418211084009412
ENSG00000146535_GNA12	6979	0.000182844877894601	0.139358406839357	0.0003198598206659	0.243169761642948	0.616969126819135
ENSG00000154710_RABGEF1	5147	0.505406462298905	0.0449887071566786	0.40632556150842	0.0361619130395116	0.00711735599648419
ENSG00000158604_TMED4	4523	0.481954111883244	0.0637223076881833	0.391095986578886	0.0516978304805181	0.0115297633691692
ENSG00000160916_ATP5J2	3203	0.283620021413294	0.352253537716292	0.14814105288624	0.183957839246146	0.0320275487380288
ENSG00000161036_ILMN_12314	3910	0.52283820483347	0.165606062803551	0.221958141753814	0.070284680989888	0.0193129096192773
ENSG00000168090_COPS6	2843	0.265182004653248	0.419288353155492	0.106775690365379	0.168786735141499	0.0399672166843817
ENSG00000169193_CCDC126	5355	0.0203980414856513	0.00228197541550123	0.871526343249993	0.0974913370943496	0.00830230275450448
ENSG00000170356_ILMN_115008	3498	0.540140802369801	0.0404050466979839	0.38065745805601	0.0284646179774004	0.0103320748988044
ENSG00000174353_ILMN_28376	2376	0.713220838888081	0.0428418798262975	0.225478439378661	0.013539160463974	0.00491968144298706
ENSG00000178381_ZFAND2A	7027	0.121015698065544	0.0234923982715991	0.709550778597601	0.137734662861326	0.0082064622039287
ENSG00000188191_PRKAR1B	5913	0.00171223263339478	0.000252185246895793	0.860711653063235	0.126758880002044	0.0105650490544302
ENSG00000188372_ZP3	4172	1.0507259703261e-05	8.98005978038553e-07	0.913855095834178	0.0780948504297725	0.00803864847036783
ENSG00000188707_C7orf29	5322	0.382668733079532	0.0550617903104479	0.462551269047275	0.0665228066511798	0.0331954009115651
ENSG00000189077_TMEM120A	3251	0.140787148002	0.0102116142578118	0.753871524543637	0.0546395379227366	0.0404901752738148
ENSG00000196313_ILMN_19309	3309	0.545291861188939	0.196176770578472	0.176048977160412	0.0633170446011154	0.0191653464710614
ENSG00000196511_TPK1	3709	0.229256794766237	0.250197649206261	0.236946652274177	0.258564882350504	0.025034021402821
ENSG00000196937_FAM3C	4074	0.52735186244632	0.0556584425796214	0.370824835007935	0.0391310336693644	0.00703382629675896
ENSG00000197448_GSTK1	3439	0.705221932895454	0.0509260536211286	0.22299700246789	0.0160984824311067	0.00475652858442057
ENSG00000213214_ILMN_28207	3320	0.548793343943149	0.0402218698106439	0.372168558782818	0.0272652290211934	0.0115509984421951
ENSG00000214253_FIS1	4687	0.396206693627227	0.240759086846284	0.199665392373597	0.121286654357589	0.0420821727953033
ENSG00000036448_MYOM2	9461	0.328766151723699	0.0758463681382313	0.476547931510466	0.109930723522546	0.00890882510505758
ENSG00000066827_ZFAT1	5829	0.559891006571573	0.0615750076493399	0.335153878602287	0.0368526154421922	0.00652749173460865
ENSG00000070718_AP3M2	3912	0.415638563595361	0.0432665154885611	0.48434819641349	0.0504126129676451	0.00633411153494246
ENSG00000104427_C8orf70	4603	0.0014983974792639	0.000254302575927218	0.846861542301179	0.143718596825346	0.00766716081828411
ENSG00000104497_SNX16	4876	0.0349573772111783	0.0229100046490398	0.565571332396088	0.370652386667064	0.00590889907662974
ENSG00000104518_GSDMDC1	4491	0.391021548200641	0.043970749679245	0.496604948902841	0.0558311331531485	0.012571620064124
ENSG00000104687_GSR	4526	0.586991553693646	0.06264426520824	0.310743629626952	0.0331563747493753	0.00646417672178642
ENSG00000104723_TUSC3	8036	0.443071683949206	0.0682648701782571	0.41691013429052	0.0642265853245696	0.00752672625744774
ENSG00000104763_ASAH1	8313	0.355467804420756	0.0765963834523183	0.459396969246486	0.0989815354881331	0.0095573073923058
ENSG00000136982_ILMN_3628	4993	0.259893211998591	0.0325786690704867	0.620501753429373	0.0777731602990865	0.00925320520246316
ENSG00000147421_HMBOX1	4169	0.0154747679526452	0.00120243920923632	0.900979316465703	0.0699966420011681	0.0123468343712476
ENSG00000147454_SLC25A37	5345	0.485435386698646	0.0635325948804439	0.392047468243675	0.0513025307428083	0.00768201943442677
ENSG00000147592_LACTB2	4290	0.514190199988348	0.0914559176675396	0.325583877485907	0.0578987744491551	0.0108712304090504
ENSG00000147647_DPYS	4926	0.617591543153944	0.0528933950051791	0.298714219836558	0.0255780440045065	0.00522279799981286
ENSG00000147813_NAPRT1	4480	0.0884094075205624	0.00994349558191876	0.804509025908159	0.0904772839546036	0.00666078703475666
ENSG00000154319_C8orf13	6406	0.120960499747313	0.0382166863546553	0.62829531965921	0.198491800671806	0.0140356935670158
ENSG00000156795_C8orf32	4474	0.000747343419952447	8.74385689573181e-05	0.846152890201966	0.098945128971333	0.0540671988377907
ENSG00000160959_LRRC14	2165	0.720578085538368	0.0594900635069949	0.195456579949896	0.0161283141315526	0.00834695687318851
ENSG00000161016_RPL8	1643	6.39277960282187e-05	4.19752877257297e-06	0.932182195678022	0.0612009671222633	0.00654871187491478
ENSG00000172728_FUT10	3765	0.0345928759921139	0.00342033588838765	0.867271647861259	0.0857416400896699	0.00897350016856949
ENSG00000173566_NUDT18	5040	0.247940013230524	0.0326745801657431	0.629874506249429	0.0830010078560373	0.006509892498267
ENSG00000176209_C8orf40	3690	0.0022792751864241	0.00023021135490311	0.891757826158801	0.0900536459037625	0.0156790413961097
ENSG00000205038_PKHD1L1	3805	0.000116738784040649	8.60381745359826e-06	0.886653568970503	0.0652997307932328	0.0479213576347697
ENSG00000215374_ILMN_41203	4788	0.327900266446614	0.321735274028105	0.161079960643616	0.158020163434734	0.0312643354469313
ENSG00000054179_ENTPD2	4379	3.7796323479085e-08	0.631112291640165	1.89581838403218e-08	0.316505996183149	0.0523816554221782
ENSG00000070214_SLC44A1	4998	0.479094570516146	0.128023456466574	0.298271923932554	0.0796891814511251	0.0149208676336
ENSG00000090054_SPTLC1	5202	0.183581874339797	0.402792202932943	0.115512782071016	0.253398868459605	0.0447142721966384
ENSG00000106733_C9orf95	5076	0.000765825232465127	8.29130159623016e-05	0.894662811758556	0.0968541415218157	0.00763430847120118
ENSG00000106789_CORO2A	4830	0.565496997905638	0.089479483084895	0.290398504186487	0.0459415304680975	0.00868348435488261
ENSG00000119314_ROD1	5140	0.334831583523152	0.0398398603756939	0.545013596219265	0.0648328375844631	0.0154821222974264
ENSG00000119383_PPP2R4	4153	0.584285600283301	0.101003353079133	0.259255879348717	0.0448059834817985	0.0106491838070505
ENSG00000119431_HDHD3	5018	0.497187728572183	0.104621777555462	0.319947563321475	0.0673147133374564	0.010928217213425
ENSG00000130560_UBAC1	5764	3.53621891428638e-08	0.590467806668549	2.14425580004211e-08	0.357990211109742	0.0515419254169608
ENSG00000130653_PNPLA7	3516	0.000343956498896713	0.503687865786792	0.000301470808609393	0.44141782294068	0.0542488839650218
ENSG00000130956_HABP4	3847	0.477781927358123	0.0379151141531128	0.443289663634585	0.0351720867066567	0.00584120814752331
ENSG00000131669_NINJ1	5136	0.518105200846563	0.124848929871858	0.277924033787513	0.0669597929722999	0.0121620425217661
ENSG00000136861_CDK5RAP2	3299	0.376160377325916	0.0313525322909791	0.540312054310136	0.0450272368704149	0.0071477992025548
ENSG00000136872_ALDOB	6039	0.509017331490159	0.0885788607834167	0.335008808887071	0.0582889061906518	0.0091060926487015
ENSG00000137054_POLR1E	4393	0.244616561032201	0.0217734920382767	0.667393766859257	0.0593983704891481	0.00681780958111753
ENSG00000148290_SURF1	5812	0.251428908609396	0.0261571860865871	0.648997815124676	0.0675120146630061	0.00590407551633431
ENSG00000148296_SURF6	5856	0.345313658647713	0.0360662145218576	0.554618816870947	0.0579209686652827	0.00608034129419991
ENSG00000148384_INPP5E	5013	7.26900926433084e-10	0.0121375855377828	5.81073224140725e-08	0.970241971432751	0.0176203841952431
ENSG00000156052_GNAQ	4733	0.607946934162426	0.0673232675182152	0.286415753935193	0.0317107116829192	0.00660333270124647
ENSG00000157653_C9orf43	5002	0.450775802741643	0.0928831504912404	0.369271157429259	0.0760779824323726	0.0109919069054846
ENSG00000159884_CCDC107	3617	0.61234049144581	0.0435017939972074	0.316549470010976	0.0224831310556042	0.00512511349040291
ENSG00000164978_NUDT2	4318	0.0727049667428207	0.0136166445161497	0.760312071693746	0.142385056663853	0.0109812603834306
ENSG00000165029_ABCA1	5611	0.419481240899162	0.106586572588774	0.361907309544535	0.0919374447723244	0.0200874321952049
ENSG00000175768_C9orf105	4428	0.0146436802528534	0.00131222860742235	0.89347134748118	0.0800539624032851	0.0105187812552584
ENSG00000196152_ZNF79	3548	0.0281771191486507	0.00200417704915152	0.897955244020974	0.0638615967903642	0.00800186299085941
ENSG00000204001_LCN8	4435	3.54889741280327e-08	0.592584826296677	2.06376546892534e-08	0.344538829443954	0.0628762881327392
