gene	nsnps	PP.H0.abf	PP.H1.abf	PP.H2.abf	PP.H3.abf	PP.H4.abf
ENSG00000055950_MRPL43	3427	0.000911052786243361	0.000103099164623859	0.893538015431593	0.101112772907787	0.00433505970975209
ENSG00000067057_PFKP	7357	0.309626174262688	0.050035948314499	0.544375409253541	0.0879636977631862	0.00799877040608654
ENSG00000078114_NEBL	5385	0.516190846290508	0.0823404745248871	0.337333722727944	0.0537996440824043	0.0103353123742569
ENSG00000089876_DHX32	5225	0.0978032061207321	0.0271313355430486	0.678651395807668	0.188254776733774	0.00815928579477735
ENSG00000095787_WAC	6104	0.546775860297357	0.0605747862272698	0.346113262806731	0.0383360987002574	0.00819999196838473
ENSG00000107951_PAPD1	5751	0.00610675765876428	0.489380419850926	0.00574277448892813	0.460173114016654	0.0385969339847275
ENSG00000119979_FAM45A	4984	0.186194940331302	0.0423042289759977	0.621964600145672	0.141304592505892	0.00823163804113608
ENSG00000120616_EPC1	4714	0.0443501450597668	0.54652125835106	0.0269667701035135	0.332258211968305	0.0499036145173554
ENSG00000127884_ECHS1	3788	0.604338298049351	0.0862820329282998	0.260910622309725	0.0372392621636421	0.0112297845489821
ENSG00000134463_ECHDC3	5742	0.484014939198628	0.0729053856898994	0.37692028792205	0.0567647185659851	0.00939466862343768
ENSG00000138185_ENTPD1	5155	0.0438522307032896	0.00356080726964219	0.876152368545946	0.0711383987370304	0.00529619474409201
ENSG00000148484_RSU1	5385	0.470360041387103	0.057143847991913	0.414928767914812	0.0504023603916364	0.00716498231453543
ENSG00000151640_DPYSL4	6599	0.174520092790486	0.0359160524490119	0.649502312304964	0.133660495076179	0.00640104737935903
ENSG00000151893_C10orf46	4689	0.544944540981822	0.0635146332693672	0.344124729567588	0.0401012730306263	0.00731482315059716
ENSG00000156398_SFXN2	3160	0.0304998039646075	0.456553296486083	0.02700803928749	0.404203137144847	0.0817357231169727
ENSG00000165730_STOX1	5590	0.2139210947949	0.017235809277958	0.703475203328595	0.0566709140152245	0.00869697858332237
ENSG00000165983_PTER	5425	3.14678491379708e-09	3.79348590673317e-10	0.887905907366681	0.107033031419892	0.00506105768729264
ENSG00000166169_POLL	3121	0.0246348844794819	0.27238137692526	0.0537431501994227	0.594168670588969	0.0550719178068661
ENSG00000173915_USMG5	3771	6.25966812816875e-11	9.38725832686534e-10	0.0624374405428819	0.93633656643307	0.00122599202272607
ENSG00000183605_SFXN4	5023	0.528036624267101	0.120311305492914	0.275515927618324	0.0627619702118168	0.0133741724098445
ENSG00000188690_UROS	5146	0.00978151040538734	0.00277043415633139	0.764492635034004	0.216522141612411	0.00643327879186681
ENSG00000197771_C10orf119	5331	0.115316545416001	0.0298739623540986	0.672029593182224	0.174087632724524	0.00869226632315309
ENSG00000205703_C10orf139	5752	0.516247145574504	0.11562814949604	0.291571864551678	0.0652945073883922	0.0112583329893859
ENSG00000014138_POLA2	2913	0.135850855654519	0.465085063513469	0.0792166891422716	0.271149438588297	0.0486979531014438
ENSG00000066336_SPI1	2663	0.102916544689171	0.0278204513675599	0.633785533324856	0.171261003015621	0.0642164676027927
ENSG00000074319_TSG101	5067	0.00560044744491726	0.000467659437738765	0.881184219530225	0.0735431512989018	0.0392045222882178
ENSG00000078124_PHCA	4145	1.93582395111381e-17	0.000929230631151993	2.08117093609192e-14	0.99899975092673	7.10184421001507e-05
ENSG00000099834_MUPCDH	4582	0.425178052536588	0.132736405259149	0.326710333970028	0.101982359362411	0.0133928488718255
ENSG00000110074_FOXRED1	5591	0.0124947503203268	0.00178168922815405	0.85415775367366	0.121788868881288	0.0097769378965718
ENSG00000110076_NRXN2	2753	0.201549266173934	0.556911145459837	0.0513498057518059	0.141838938965183	0.0483508436492403
ENSG00000110080_ST3GAL4	5605	0.548354435347519	0.0777189641202203	0.320303097874679	0.0453887263251882	0.00823477633239329
ENSG00000110315_RNF141	6138	0.418152767734754	0.165325193620253	0.287505757424722	0.113655882938629	0.0153603982816419
ENSG00000110455_ILMN_3829	5239	0.384824720334749	0.076315073456893	0.441959438314252	0.0876362666137169	0.0092645012803892
ENSG00000110768_GTF2H1	5068	0.00502497555179573	0.148724484284867	0.0272636560339644	0.806911887433796	0.0120749966955765
ENSG00000120451_SNX19	5093	0.261464915792824	0.0352965731011068	0.613299074670093	0.0827854285314935	0.00715400790448206
ENSG00000131626_PPFIA1	4973	0.0113227164470166	0.00135510345437354	0.877270634674873	0.104986742864021	0.00506480255971624
ENSG00000134627_PIWIL4	4275	0.599265947653108	0.0817331736106548	0.272791469021416	0.0371966930043483	0.00901271671047206
ENSG00000134809_TIMM10	4876	0.00236930260470317	0.00436153603317201	0.348594209873541	0.641707468448823	0.00296748303976086
ENSG00000149084_HSD17B12	5783	3.04498271073575e-05	6.27473285928171e-06	0.824479292416713	0.169893150782434	0.00559083224088703
ENSG00000149089_APIP	5293	2.92259932004791e-05	7.51602410324908e-06	0.791207332311868	0.203468837453286	0.00528708821754227
ENSG00000159063_ALG8	3884	0.209973147718361	0.0134715396198237	0.72488622951532	0.0465023684958929	0.00516671465060235
ENSG00000165434_PGM2L1	3896	0.631683508804156	0.0550005535165727	0.282818843046997	0.0246191006475333	0.00587799398474052
ENSG00000165526_RPUSD4	5579	0.458560751939905	0.0662454563573637	0.403453758096888	0.0582710182879574	0.013469015317886
ENSG00000166435_XRRA1	3987	0.00109409465849967	8.27542919774039e-05	0.920530585065847	0.0696177109598305	0.00867485502384531
ENSG00000166439_RNF169	4096	0.0118485703968439	0.000957734520971708	0.897318822737445	0.0725140234506211	0.0173608488941182
ENSG00000166788_SAAL1	4887	0.00840734316946991	0.408160583910643	0.010999148612363	0.53394934463754	0.0384835796699834
ENSG00000166796_LDHC	5043	0.0854840314450877	0.00793047896941021	0.823002955509091	0.0763439526304461	0.0072385814459652
ENSG00000168000_BSCL2	4096	0.39722515243254	0.271614418869922	0.178892328609309	0.122292933082759	0.0299751670054692
ENSG00000168002_POLR2G	4022	0.415912078324032	0.283657178742258	0.164840294799728	0.112399928217944	0.023190519916038
ENSG00000168071_CCDC88B	2909	0.0682462659949019	0.187827112036547	0.0938421609592833	0.257879831551506	0.392204629457761
ENSG00000172890_NADSYN1	4920	0.238178659830454	0.0217766190777813	0.673362584031975	0.0615602614552655	0.00512187560452402
ENSG00000173113_ILMN_22312	2939	0.17428659020026	0.480042723099681	0.0768632403227757	0.21164954396383	0.0571579024134537
ENSG00000173715_C11orf80	2663	0.309690309264765	0.365665629947664	0.120738353738616	0.142499936505522	0.0614057705434337
ENSG00000173992_CCS	2433	0.192873394583501	0.240124808428785	0.236236998995938	0.294075229030221	0.036689568961555
ENSG00000175390_EIF3F	6039	0.417367236991157	0.195713805441413	0.250519322580711	0.117455753731185	0.0189438812555336
ENSG00000175567_UCP2	3660	0.312115380641956	0.0446677416058583	0.55603602104373	0.0795683226872636	0.00761253402119252
ENSG00000175575_PAAF1	3630	0.348725048265325	0.055445741267926	0.505163825415753	0.08030845843019	0.0103569266208067
ENSG00000175581_MRPL48	3597	0.457612510007911	0.0788859693990265	0.380706437102593	0.0656112587778909	0.0171838247125783
ENSG00000176148_TCP11L1	4529	0.0637617592208038	0.0138384359289471	0.751022757530672	0.162988687603622	0.00838835971595584
ENSG00000177042_TMEM80	5079	0.430308424632784	0.139371556908469	0.312681320502989	0.10125721661725	0.0163814813385079
ENSG00000177685_EFCAB4A	5443	0.438987909026011	0.14438455159423	0.302942790180671	0.0996248094222248	0.0140599397768636
ENSG00000177697_CD151	5459	0.000251874351985764	8.28754681533204e-05	0.749152663384919	0.246493399890688	0.00401918690425453
ENSG00000179057_IGSF22	4903	0.593499636437028	0.0484762584641838	0.326183138042693	0.0266369995582558	0.00520396749783953
ENSG00000182919_C11orf54	4740	0.15279140506662	0.00947594795247613	0.781612541336255	0.0484670616002484	0.00765304404440099
ENSG00000184524_CEND1	5351	0.368920626507561	0.120993867633907	0.374537262781108	0.122823215119657	0.0127250279577682
ENSG00000185187_SIGIRR	3913	0.558573998491361	0.0901579824218628	0.294382891868237	0.0475062012156391	0.00937892600289949
ENSG00000196655_TRAPPC4	4322	0.000181394865268941	1.60416099782519e-05	0.913887681261767	0.0808143301688066	0.00510055209417936
ENSG00000197345_MRPL21	4421	0.000505808808198072	6.14692864306581e-05	0.883622717586147	0.107375337706663	0.00843466661256206
ENSG00000202477_SNORD25	4054	0.561766058877564	0.0686893453115101	0.322232212160813	0.0393926801401875	0.00791970350992491
ENSG00000205339_IPO7	4847	0.315381108653078	0.0775845781566479	0.479362407780809	0.117914649664708	0.00975725574475615
ENSG00000213931_HBE1	8221	0.487974552996598	0.0626618443455589	0.392521640325098	0.0503980900881282	0.00644387224461774
ENSG00000010626_LRRC23	5003	0.000299516694603313	3.80722589032368e-05	0.880522048316522	0.111917969081619	0.0072223936483523
ENSG00000076067_RBMS2	2560	0.254553075366362	0.0546092667267045	0.561381536503101	0.120424139049749	0.00903198235408251
ENSG00000089127_OAS1	3879	0.00144285437361044	0.000852248340781564	0.621033819656848	0.366815134889419	0.00985594273934143
ENSG00000089163_SIRT4	4606	0.485422660705361	0.08761349053916	0.352460834152602	0.0636044339082781	0.0108985806945988
ENSG00000110906_KCTD10	3675	1.59058470452241e-05	1.18665144318627e-06	0.925362406843217	0.0690308239407854	0.0055896767175096
ENSG00000110931_CAMKK2	4698	0.304746917429001	0.0265549826622016	0.600985099531323	0.0523531728320635	0.0153598275454115
ENSG00000111321_LTBR	4734	0.57411643055349	0.0788486591946514	0.297954212279606	0.0409126084104179	0.00816808956183405
ENSG00000111358_GTF2H3	4461	0.552248503081354	0.108813072660309	0.271692510458635	0.0535195955773411	0.0137263182223607
ENSG00000111364_DDX55	4397	0.282109239165296	0.0554049490236349	0.537038039958843	0.105451789754911	0.0199959820973149
ENSG00000111371_SLC38A1	3524	0.0199699953532221	0.000992175376950618	0.926133118842289	0.046006456283043	0.00689825414449509
ENSG00000111581_NUP107	4878	3.63930097913343e-10	0.537398768299618	2.77445597442962e-10	0.409638137452581	0.0529630936064239
ENSG00000111666_CHPT1	4476	0.0420152763965341	0.00421299839645809	0.862445902151792	0.0864751993587209	0.00485062369649523
ENSG00000111711_GOLT1B	5340	0.58738462433033	0.0510466278209327	0.327869159029486	0.0284882395203448	0.00521134929890572
ENSG00000111725_PRKAB1	4446	0.579843237510821	0.0973328836580495	0.264810896214027	0.0444377634965486	0.0135752191205541
ENSG00000111780_ILMN_16367	4587	0.429004408058154	0.0432612511762546	0.472657125592585	0.0476558152625332	0.00742139991047351
ENSG00000123297_TSFM	3728	0.100189297716567	0.133803307330858	0.305991810138084	0.408602176803367	0.0514134080111245
ENSG00000123427_FAM119B	3732	0.0007399518285424	0.000988195639056251	0.421596046583727	0.563022153013121	0.013653652935553
ENSG00000127337_YEATS4	5135	0.0938587048967815	0.0200436565129077	0.720675107403625	0.153889635099855	0.0115328960868307
ENSG00000134545_KLRC1	5633	0.51809551606933	0.115532564869078	0.290688005878712	0.0648110177679876	0.0108728954148929
ENSG00000135426_KIAA0748	4191	0.554213387652443	0.0410366799148464	0.372123357850089	0.0275487623965757	0.00507781218604585
ENSG00000136026_CKAP4	4425	0.463649502099193	0.225011006045388	0.194783428631287	0.0945071483318664	0.0220489148922653
ENSG00000136048_ILMN_20048	4376	0.628389156018598	0.0560237597130703	0.284583386444386	0.025366269626195	0.00563742819775088
ENSG00000139187_KLRG1	5233	0.157468314469704	0.0591152134080094	0.341336299225318	0.127826879356273	0.314253293540696
ENSG00000139190_VAMP1	4671	0.151945447804668	0.0207137493687378	0.723047959408742	0.0985627655840013	0.00573007783385135
ENSG00000139192_TAPBPL	4685	0.0327855854487832	0.00446724293613855	0.840720590767241	0.114546005933303	0.00748057491453454
ENSG00000139197_PEX5	4768	0.0559672923516743	0.00837044501463595	0.793589440700122	0.118665500046299	0.0234073218872692
ENSG00000150045_KLRF1	5450	0.426988439639766	0.205162804280578	0.233556337092367	0.112198914436076	0.0220935045512125
ENSG00000155957_TMBIM4	3866	0.644410176074492	0.0317107728745393	0.305281397302128	0.0150190100926687	0.00357864365617264
ENSG00000157895_C12orf43	4518	0.443448584234886	0.0393620586082801	0.467147689972592	0.0414570901485919	0.00858457703564966
ENSG00000165714_LOH12CR1	5028	0.488300347387776	0.055967598524966	0.393387034167766	0.0450716308294116	0.0172733890900809
ENSG00000166888_STAT6	2833	0.0968806944887396	0.127448145689705	0.323281927736015	0.425255554916039	0.0271336771695011
ENSG00000166896_XRCC6BP1	3776	0.150845722244797	0.202070908910798	0.266095242857974	0.35643306787594	0.0245550581104924
ENSG00000171840_NINJ2	4180	0.642540384210812	0.0681625248396833	0.255186713050085	0.0270638911452791	0.00704648675414007
ENSG00000176422_SPRYD4	2684	0.00319368134588177	0.000593310117399972	0.836269801575111	0.155354471989851	0.00458873497175588
ENSG00000177627_C12orf54	4568	0.379869723936893	0.0749537629052675	0.446909332028521	0.0881715466555609	0.0100956344737575
ENSG00000184752_NDUFA12	6520	0.267976929472325	0.0535744573309999	0.557806030044802	0.111508508187953	0.00913407496392024
ENSG00000185163_DDX51	5709	0.517360968717067	0.0638598942599065	0.366234292347504	0.0451983891871892	0.0073464554883333
ENSG00000185480_C12orf48	4306	0.507192794169979	0.0348837805232933	0.423901446171536	0.0291502842571182	0.00487169487807354
ENSG00000186081_KRT5	4834	0.453690675683987	0.187097159658866	0.241166484616531	0.0994358570527996	0.0186098229878161
ENSG00000186611_ILMN_34849	5138	0.391151514583762	0.189280616801677	0.270576718487882	0.130915658005139	0.0180754921215394
ENSG00000032742_IFT88	5336	0.338078406480908	0.0644908705135244	0.494950903856465	0.0944073472628899	0.00807247188621206
ENSG00000102796_DHRS12	3464	0.315784928109948	0.0215193155943422	0.612039217885878	0.0416987486693053	0.00895778974052633
ENSG00000122034_GTF3A	5786	0.074323791761977	0.43130447221596	0.0672040950554623	0.38995131980565	0.0372163211609504
ENSG00000136111_TBC1D4	5585	0.0271770415358809	0.003874356529554	0.84340981682785	0.120231117868732	0.00530766723798337
ENSG00000139617_ILMN_28859	4415	0.00150692784015165	0.000209458014115694	0.871265389349722	0.121097102764344	0.00592112203166719
ENSG00000151287_C13orf27	5352	0.489409834743807	0.0662062258856996	0.382933559492009	0.0517927049650085	0.00965767491347572
ENSG00000169062_UPF3A	2698	0.684743385600656	0.0700514639325532	0.216052254374858	0.022095787582149	0.0070571085097837
ENSG00000174032_SLC25A30	4106	0.584369077444531	0.0562758175914823	0.322173639556707	0.0310197526832995	0.00616171272397955
ENSG00000089916_C14orf118	4530	0.0515317513430466	0.00703023921395955	0.806128404215036	0.109951022407458	0.0253585828204994
ENSG00000092020_PPP2R3C	5013	0.233553541004197	0.0459604583834914	0.557376187142401	0.109631285586428	0.0534785278834837
ENSG00000092094_OSGEP	5680	0.0719196354013817	0.00945120934128706	0.80554573049519	0.105852334108752	0.00723109065338908
ENSG00000092203_TOX4	6668	0.408675752408427	0.0560922251966387	0.464852408475268	0.0637960909095456	0.00658352301012092
ENSG00000100439_ABHD4	5986	0.497613813056496	0.0894433963356583	0.342324212945786	0.0615218323616172	0.00909674530044239
ENSG00000100445_C14orf124	5435	0.276404360990609	0.0210311163661827	0.648062057235694	0.0493046918728691	0.00519777353464493
ENSG00000100490_CDKL1	4198	0.0741486102033717	0.00741933206327173	0.830042387464683	0.0830489482565738	0.00534072201209996
ENSG00000100744_C14orf129	5776	0.129000283095051	0.0210012182634405	0.721551098211777	0.117457373128191	0.0109900273015403
ENSG00000100814_CCNB1IP1	5447	0.383204262774762	0.0492805613178881	0.496646502454162	0.0638623730229748	0.00700630043021387
ENSG00000100908_C14orf122	5072	0.518682885383172	0.0449147326356079	0.397071030933902	0.0343789451436876	0.00495240590363057
ENSG00000100931_CHMP4A	5142	0.595719910058025	0.0482637922628923	0.324745315545096	0.0263051174197092	0.00496586471427731
ENSG00000119599_WDR21A	5251	0.405410998638065	0.0364061034831679	0.505406210984782	0.0453783234841972	0.00739836340978819
ENSG00000119632_FAM14A	6092	0.50814638088378	0.108602127779614	0.307139395261066	0.0656320062194674	0.0104800898560723
ENSG00000119684_MLH3	3623	0.00107217550008442	0.000120707513113604	0.893809288171709	0.100622337546432	0.00437549126866168
ENSG00000119718_EIF2B2	3665	0.00580563859510255	0.000656481961123548	0.888659189507426	0.100482176658953	0.00439651327739517
ENSG00000125375_ATP5S	4206	0.589365366773689	0.0592370182100437	0.313261510784948	0.0314792071611743	0.00665689707014466
ENSG00000129514_FOXA1	4329	0.6558110622931	0.0534651701515245	0.264068482004201	0.0215231206105508	0.00513216494062375
ENSG00000134007_ADAM20	4780	0.590514743439817	0.073685606432432	0.292016799943305	0.0364310864485585	0.00735176373588732
ENSG00000139998_RAB15	4446	0.551017324208906	0.0501456483709639	0.35846139786616	0.0326142241878596	0.00776140536611033
ENSG00000140092_FBLN5	5089	0.509944986667499	0.0376047349991225	0.416722991408137	0.0307252886598571	0.00500199826538474
ENSG00000140104_C14orf79	4897	0.492228841942958	0.140925804074835	0.272922564335375	0.0781223103988339	0.0158004792479978
ENSG00000155465_SLC7A7	5882	0.476891506589364	0.0852877487692983	0.364258335299691	0.0651358944866794	0.00842651485496654
ENSG00000157326_DHRS4	4913	0.555781453646273	0.0496013541722254	0.357021128167712	0.0318570215967403	0.00573904241704927
ENSG00000165501_PPIL5	4036	0.550225454354406	0.0509788139669482	0.35599692334369	0.0329735650821507	0.00982524325280427
ENSG00000165819_METTL3	6626	0.448074319827129	0.0614890269456199	0.423751841613818	0.0581427226773658	0.00854208893606723
ENSG00000166166_C14orf172	4783	0.442675277548823	0.0585353767552065	0.432931365485307	0.0572383102425194	0.00861966996814375
ENSG00000177465_ACOT4	4917	0.522734070390719	0.0441985328070848	0.393659384256141	0.033278801302003	0.00612921124405305
ENSG00000182512_GLRX5	6493	0.285723668340553	0.0585202565060075	0.537135346305534	0.110004314704947	0.00861641414295768
ENSG00000183648_NDUFB1	5353	0.304106763287514	0.128748082369566	0.389197988926287	0.164759519789941	0.0131876456266917
ENSG00000184990_SIVA1	4730	0.315119389527063	0.0891836579374382	0.456661455707455	0.129232447388243	0.0098030494398011
ENSG00000187630_DHRS4L2	4973	0.577784784177572	0.0519603845113203	0.334490137628458	0.0300751236364809	0.00568957004616878
ENSG00000197195_CHURC1	4473	5.45597139856688e-09	4.95137287562954e-10	0.9118506026509	0.082746356656999	0.00540303474099178
ENSG00000198805_NP	5692	0.522137092756591	0.0686876372606819	0.355354037990902	0.0467400846818303	0.00708114730999519
ENSG00000198894_KIAA1737	5953	0.317721578567278	0.0302833992065733	0.589396423659826	0.0561714606502045	0.00642713791611845
ENSG00000205659_LIN52	4238	0.000349539391538551	2.40948363465236e-05	0.92897187769511	0.0640302938339722	0.0066241942430326
ENSG00000051180_RAD51	3631	0.000441518731797552	0.000230560523613829	0.654141183408646	0.34158810042881	0.00359863690713293
ENSG00000064726_BTBD1	2439	0.681377687770108	0.0524126169403938	0.240872625225452	0.0185214762242923	0.00681559383975364
ENSG00000074696_PTPLAD1	3760	0.0823892305969865	0.00666140688033768	0.836830336173249	0.0676536805089949	0.00646534584043147
ENSG00000103657_HERC1	4225	0.535982882032528	0.0975337795455376	0.299907348472398	0.054562672162968	0.0120133177865691
ENSG00000103671_TRIP4	3482	0.500633589819729	0.0722145516638406	0.364187281202582	0.0525222317868412	0.0104423455270077
ENSG00000103811_CTSH	5399	0.285532166262468	0.0186798205455231	0.648531350996822	0.0424227826420489	0.00483387955313805
ENSG00000103932_RPAP1	3731	0.113104397012739	0.0549283401486785	0.546520825567584	0.265393871189081	0.0200525660819174
ENSG00000104047_DTWD1	4151	0.141066952389749	0.0109772131969568	0.780234516074944	0.0607074233384328	0.00701389499991698
ENSG00000104055_TGM5	2116	0.137345359044411	0.00429025977104683	0.827747439504153	0.025851598242487	0.00476534343790211
ENSG00000136371_MTHFS	5523	0.419147119233174	0.0735224828066684	0.424395988010836	0.0744346857349405	0.00849972421438081
ENSG00000137806_NDUFAF1	3786	0.089815592525585	0.0435956811417846	0.422726643593573	0.204948799072543	0.238913283666514
ENSG00000140264_SERF2	2015	0.678098250890743	0.0207574022711231	0.288623300533938	0.00883141641282795	0.00368962989136845
ENSG00000140400_MAN2C1	2891	0.335011467766307	0.0214319185538685	0.600356760451652	0.0384022374599373	0.00479761576823526
ENSG00000140471_LINS1	6703	0.417989471841774	0.0402156639585015	0.487899490902147	0.0469348964201118	0.00696047687746565
ENSG00000166140_ZFYVE19	3458	0.137922749899672	0.0717599536204661	0.513865479588742	0.267350438721418	0.00910137816970165
ENSG00000166762_CATSPER2	1929	0.434910235803442	0.0127552653103554	0.532257951104987	0.0156058571908592	0.00447069059035613
ENSG00000166938_DIS3L	4904	1.83841914209561e-09	0.152399555929332	1.00495243946934e-08	0.833061564390397	0.0145388677923278
ENSG00000168803_ADAL	2074	0.674492763149117	0.0207315329412331	0.29142260745533	0.0089529047882608	0.00440019166605927
ENSG00000168970_PLA2G4B	3458	0.118153390400814	0.0574710891908759	0.534320805735705	0.25986924338815	0.0301854712844553
ENSG00000169118_CSNK1G1	3492	0.592073567382878	0.0861491804890341	0.272649749593135	0.0396622136746417	0.00946528886031173
ENSG00000171763_SPATA5L1	3607	0.365010937830951	0.018519837902832	0.582400491154055	0.0295451736490577	0.00452355946310431
ENSG00000172345_STARD5	4213	0.607849483516505	0.0860603780907942	0.260662169164971	0.0368964679115768	0.00853150131615333
ENSG00000188659_ILMN_4387	2560	0.742971476773551	0.0305044395381147	0.214423661462938	0.00880036713957142	0.00330005508582561
ENSG00000047578_KIAA0556	4344	1.89894540403181e-05	0.657859190140825	8.27090042805284e-06	0.286476447800885	0.0556371017038223
ENSG00000063854_HAGH	5471	0.128395945635203	0.0114011583940637	0.783714508550093	0.0695844932757641	0.00690389414487657
ENSG00000070761_C16orf80	5587	0.558160137519254	0.0476059346524437	0.358492555148562	0.0305709528225542	0.00517041985718562
ENSG00000086504_MRPL28	4268	0.519155457883452	0.0470996561684318	0.392066605669831	0.0355635822815132	0.00611469799677152
ENSG00000090857_ILMN_138245	2627	0.10362633557425	0.635483071610255	0.028457378707657	0.174455405598361	0.0579778085094772
ENSG00000090857_ILMN_8209	2627	0.0978522982519538	0.600074090362085	0.0350451467159781	0.214860357330217	0.0521681073397661
ENSG00000103042_ILMN_16502	5256	0.435520707932766	0.0327349756222719	0.49027456453399	0.0368458073343828	0.00462394457658876
ENSG00000103111_MON1B	8139	0.0474385301653022	0.0113091259516641	0.684956434039383	0.163197343970222	0.0930985658734286
ENSG00000103126_AXIN1	4022	0.595243809600452	0.0520635722199223	0.319040048639911	0.0278993914794894	0.00575317806022571
ENSG00000103174_NAGPA	6771	0.271558782263829	0.167612503548285	0.336413805010031	0.207625768451662	0.0167891407261926
ENSG00000103202_DECR2	4340	0.394764769875994	0.0366444719208632	0.515325116274315	0.0478301825958485	0.00543545933297963
ENSG00000103248_MTHFSD	7318	0.0588924709181631	0.473576831926301	0.0466452289140147	0.375046246220829	0.0458392220206925
ENSG00000103275_UBE2I	6397	0.0689232602899616	0.00842846283451545	0.817166503785185	0.0999238051787051	0.00555796791163342
ENSG00000103540_ILMN_12815	4645	0.287617212404443	0.0358636388540599	0.594466957510327	0.0741174908838582	0.00793470034731226
ENSG00000118894_FAM86B1	6953	0.189088970428863	0.0561174322215337	0.576269492005749	0.171016556338086	0.00750754900576788
ENSG00000125124_BBS2	5417	6.20023200563198e-05	8.50096214945983e-06	0.870942627624152	0.1194028880855	0.00958398100814248
ENSG00000125170_DOK4	5508	0.527401003993037	0.0515767192783419	0.377882578479153	0.0369485046124647	0.00619119363700387
ENSG00000127561_SYNGR3	5115	0.0839603044462835	0.00720627349061658	0.831237330719692	0.071338451985994	0.00625763935741363
ENSG00000127586_CHTF18	5329	0.420361601682211	0.0455806915974256	0.476330369264285	0.0516434187309886	0.00608391872508973
ENSG00000129925_TMEM8	4286	0.196121717782097	0.0178672605551025	0.714481335748489	0.0650848889520085	0.00644479696230343
ENSG00000130731_C16orf13	5097	0.558725250561307	0.0576097120266228	0.342083000793141	0.0352655871294116	0.00631644948951736
ENSG00000131148_COX4NB	7908	0.0576643773672233	0.464142891633201	0.0485024749094516	0.390359039209914	0.0393312168802105
ENSG00000132603_NIP7	3409	0.00280834535183356	0.13058252673942	0.0178677531303367	0.830797379124131	0.0179439956542784
ENSG00000135698_MPHOSPH6	8516	0.113859603307855	0.0475943403196862	0.584172280708226	0.244179083380113	0.0101946922841195
ENSG00000140829_DHX38	3419	0.0857729802095769	0.00593297040227222	0.813365966903425	0.0562223241844922	0.0387057583002335
ENSG00000141076_CIRH1A	3616	0.0136386822415529	0.634070899390157	0.00626988939466457	0.291436509998852	0.0545840189747729
ENSG00000153406_NMRAL1	5390	0.375496663239085	0.225301835648835	0.236564255492957	0.141920254072495	0.0207169915466266
ENSG00000155393_HEATR3	3992	7.84133202995369e-19	0.295458264478983	1.79874422912612e-18	0.677732844888912	0.026808890632106
ENSG00000159461_AMFR	5557	0.000121194700422324	1.66429466413626e-05	0.871505765181042	0.11967001158557	0.00868638558632475
ENSG00000161981_C16orf33	3236	0.265480767897821	0.0189282575444916	0.660495198985361	0.0470839991903293	0.00801177638199689
ENSG00000162076_FLYWCH2	3845	0.459956111104548	0.028043927907035	0.478387387670638	0.0291632496971687	0.00444932362061053
ENSG00000166451_CENPN	7482	0.00879786240861168	0.00366543832799261	0.693245871603746	0.288820368191036	0.00547045946861333
ENSG00000166501_PRKCB1	4991	0.0595295207836739	0.085084853287158	0.0559597639447727	0.0792624778759699	0.720163384108426
ENSG00000167515_TRAPPC2L	6802	0.439278326738853	0.0818667739185189	0.395758744177213	0.0737468313563592	0.00934932380905504
ENSG00000167526_RPL13	5022	0.379298552806101	0.0466722721536347	0.504566450050723	0.0620789661682745	0.00738375882126716
ENSG00000168748_CA7	3026	0.627078093425885	0.130373651309597	0.190588516567383	0.0396122559966204	0.0123474827005153
ENSG00000168807_SNTB2	3581	0.00924564885094934	0.429833925499154	0.0110006992907479	0.511388393440717	0.0385313329184315
ENSG00000169682_SPNS1	2428	4.376488111542e-07	0.0255529948236651	7.95862458318475e-06	0.46416982995428	0.510268778948662
ENSG00000171490_RSL1D1	7028	0.0223041151817517	0.52966836431706	0.0161636204347065	0.383798517516076	0.0480653825504065
ENSG00000174177_ILMN_138331	6808	0.204364678597812	0.0356026258187534	0.545524997135211	0.0949170001697747	0.119590698278449
ENSG00000175643_C16orf75	6200	0.00426218711385618	0.101315856729276	0.0121420690580146	0.288033187107294	0.594246699991559
ENSG00000178952_TUFM	2684	3.64268228329574e-06	0.212685227198389	3.37756607145406e-06	0.196615198989312	0.590692553563945
ENSG00000180185_FAHD1	5391	2.73349307690766e-05	2.45438618992749e-06	0.907324997802003	0.0814569509184187	0.0111882619626192
ENSG00000182108_ILMN_32084	6868	0.0134730119416824	0.320243331644298	0.0255017158267081	0.606121890121141	0.0346600504661703
ENSG00000186153_WWOX	10073	0.173329535643714	0.0679557543808204	0.538806223783826	0.211236244941097	0.00867224125054246
ENSG00000187741_FANCA	4394	9.13377037433676e-08	8.13387968991122e-09	0.913723038720647	0.0813646971232384	0.00491216468453087
ENSG00000197912_SPG7	5257	0.00275723512924699	0.000358437351980474	0.875739184940235	0.113837765589727	0.00730737698881133
ENSG00000002919_SNX11	4304	0.074158440164918	0.0223128911895498	0.671694888629151	0.202070698163408	0.0297630818529728
ENSG00000005156_LIG3	4720	0.000170846410931618	0.346938574951774	0.000307744427634055	0.624910320567421	0.0276725136422395
ENSG00000006282_SPATA20	3882	0.00984635735937979	0.00110110922823925	0.885629380671038	0.0990347433490872	0.0043884093922558
ENSG00000007312_CD79B	2565	0.0677147122138824	0.00648114043300903	0.840369177272295	0.080428779546761	0.00500619053405273
ENSG00000011052_NME1	4114	0.597000641026121	0.0638818556455273	0.299792881691544	0.0320719852667227	0.00725263637008416
ENSG00000011295_TTC19	4149	0.119195989686733	0.00662202019214977	0.822393092477829	0.0456825420509978	0.00610635559229043
ENSG00000012048_BRCA1	3110	3.257321754362e-11	4.15739146702155e-05	7.83465284622885e-07	0.999953987576278	3.65501119230589e-06
ENSG00000035862_TIMP2	5894	0.391951438393833	0.208783867837673	0.246418681527701	0.131240179166725	0.0216058330740688
ENSG00000055483_USP36	5969	2.55509276498719e-05	1.3762186913949e-05	0.563985219762223	0.303640197666789	0.132335269456424
ENSG00000068097_HEATR6	2122	0.455500891201123	0.228689765124911	0.193260787271933	0.0970033847444403	0.0255451716575921
ENSG00000073584_SMARCE1	4167	7.02913541009208e-14	0.0632482572219002	1.03388713848824e-12	0.930286605894768	0.00646513688222814
ENSG00000091640_SPAG7	5877	0.40230927774206	0.214209310681072	0.235970739758444	0.125620575292918	0.0218900965255044
ENSG00000108262_GIT1	2257	0.67814132494159	0.038025596867947	0.264315656885856	0.014816340263835	0.00470108104077203
ENSG00000108278_ZNHIT3	3560	0.254075062155044	0.0266326360115734	0.63857774303352	0.0669231541225685	0.0137914046772941
ENSG00000108352_RAPGEFL1	3652	2.08074888641028e-13	0.187226071350104	8.18606130794047e-13	0.736506656562088	0.076267272086783
ENSG00000108384_RAD51C	3077	0.0615041811114955	0.0141800049742164	0.677290889834631	0.156060829381526	0.0909640946981318
ENSG00000108395_TRIM37	2683	0.383372418197585	0.24387410061283	0.195975506556956	0.124613429888002	0.0521645447446272
ENSG00000108433_GOSR2	2598	0.19031787461327	0.0276669662542692	0.66649229246469	0.096870932408889	0.0186519342588815
ENSG00000108559_NUP88	6197	0.250968748429339	0.132279243541829	0.394468851007003	0.207900114434026	0.0143830425878035
ENSG00000108592_FTSJ3	2615	0.0306358297393506	0.0012902128328613	0.923365510407619	0.0388812550605965	0.00582719195957284
ENSG00000108639_SYNGR2	6181	0.326402033112664	0.176585323068153	0.311886649534424	0.168716009490271	0.0164099847944883
ENSG00000108651_UTP6	3409	0.422242738697824	0.0181737056983084	0.531744195297714	0.0228817889051093	0.0049575714010441
ENSG00000108666_C17orf75	4082	0.112272373693145	0.00775817756315835	0.818928264668415	0.0565846283615727	0.00445655571370884
ENSG00000108771_DHX58	3456	2.72024866395442e-07	0.347191725026304	4.84057074570087e-07	0.617778382402382	0.035029136489373
ENSG00000108826_MRPL27	3785	0.0213957888972435	0.00240589606844959	0.852148263807447	0.0957934102990843	0.0282566409277762
ENSG00000108960_MMD	4825	0.510485325151131	0.0912569276262075	0.325266689069444	0.0581314518372866	0.0148596063159309
ENSG00000125319_C17orf53	3776	0.334717667790509	0.0293175573564061	0.536482298877115	0.0469373573620354	0.0525451186139341
ENSG00000125445_MRPS7	4500	0.542665638193632	0.0717914151241878	0.332251115547388	0.0439454871352965	0.00934634399949533
ENSG00000126581_BECN1	2994	5.11528951768539e-07	0.652876402046991	1.9899367211451e-07	0.253887056449771	0.0932358309806139
ENSG00000132141_CCT6B	4706	0.000160731518727028	0.326398181182306	0.000168818535434899	0.342489738000696	0.330782530762837
ENSG00000132507_EIF5A	4861	6.26251027802134e-06	1.58150998141925e-05	0.282713986752009	0.713951590858031	0.00331234477986752
ENSG00000141560_ILMN_14939	4034	0.19010962709818	0.0272884397458787	0.660006870265276	0.0947098615714869	0.0278852013191782
ENSG00000141696_ILMN_21605	4247	4.56160469958834e-07	0.582208332625267	2.77280531741433e-07	0.353835706593852	0.0639552273398794
ENSG00000141698_NT5C3L	4199	2.91965125719495e-10	0.000372641954168738	7.83179353951407e-07	0.999590185908817	3.63886656941805e-05
ENSG00000141720_PIP4K2B	3464	1.6722162912434e-09	0.576752925121739	1.09045500118262e-09	0.37605434086765	0.0471927312479391
ENSG00000159199_ATP5G1	3957	1.40219746605021e-05	3.46949769966557e-06	0.798042585392125	0.197457500021661	0.00448242311385337
ENSG00000161326_DUSP14	3607	0.386350223267439	0.0501696904652267	0.481741480361799	0.0625375661068881	0.019201039798647
ENSG00000161664_ASB16	3759	0.636497498789872	0.055747818076321	0.27781940115995	0.0243272848475169	0.00560799712634049
ENSG00000166260_COX11	4629	0.0765878548074628	0.0146110833545638	0.758159222718197	0.144632166014347	0.00600967310542911
ENSG00000166750_SLFN5	4663	3.71238885075633e-08	7.46205321365567e-05	0.000497212297747995	0.999417014804242	1.11152419841077e-05
ENSG00000167083_GNGT2	4041	0.353770530565694	0.0760251021109971	0.460680742855699	0.0989895167449327	0.0105341077226766
ENSG00000167720_SRR	5412	0.161274901042841	0.0314049491909394	0.665003599191359	0.129482854159246	0.0128336964156142
ENSG00000167895_TMC8	6082	0.386774672490258	0.208676194288523	0.24481261454696	0.132055851039756	0.0276806676345033
ENSG00000168646_AXIN2	4717	0.441535105751577	0.0769385924507584	0.401697669810408	0.069986978312326	0.00984165367493075
ENSG00000170291_C17orf81	4920	7.641554703563e-05	0.000193001278417032	0.283116525747899	0.715060413849183	0.00155364357746521
ENSG00000172057_ORMDL3	3297	2.19633248539643e-14	0.0197626299504661	4.92329100016185e-13	0.442460625462703	0.537776744586317
ENSG00000172301_C17orf79	3413	0.192964152053622	0.00831051189014431	0.760647742594466	0.0327539844892804	0.0053236089724873
ENSG00000176974_SHMT1	2893	0.0863679710747896	0.00981635202061511	0.764425878052753	0.0868300359407174	0.052559762911125
ENSG00000177370_TIMM22	6086	0.000230820965746472	3.92375039146931e-05	0.849451839290365	0.144393345884193	0.00588475635577995
ENSG00000177602_GSG2	5860	0.213483653655133	0.105866712090038	0.447363986046347	0.221836704295625	0.011448943912857
ENSG00000181031_RPH3AL	3392	0.528863514856386	0.0436359338046969	0.387504675740965	0.0319645436418251	0.00803133195612628
ENSG00000182534_MXRA7	5690	0.404566594391317	0.119681747230462	0.357579471562827	0.105769281800743	0.0124029050146515
ENSG00000185262_FAM100B	5525	0.368702732107494	0.106088326430623	0.396403671469387	0.114044068405569	0.014761201586928
ENSG00000185504_C17orf70	6245	0.402740332816275	0.0418753951098488	0.49794473160659	0.0517687125149889	0.00567082795229771
ENSG00000187607_ZNF286A	4524	0.452389857124443	0.0329332053418949	0.475133883599902	0.03458397236121	0.00495908157254941
ENSG00000187624_ILMN_7731	4221	6.89634660909903e-09	6.43391916521304e-10	0.910737008057923	0.0849625468331501	0.00430043756918792
ENSG00000205309_NT5M	3962	0.570986887701507	0.0965183938860115	0.275775218313919	0.0466063358620648	0.0101131642364976
ENSG00000213246_SUPT4H1	3434	0.507724396159102	0.120833478276627	0.268649489498227	0.0638970754087951	0.0388955606572491
ENSG00000214087_ARL16	6285	0.0257917849161206	0.00289192071189881	0.866610678035943	0.0971617438334597	0.00754387250257781
ENSG00000066926_FECH	5330	0.508668098816678	0.106499116604789	0.309545263272755	0.0647985626890785	0.0104889586166999
ENSG00000082212_ME2	4533	0.332653987714642	0.0999337361142822	0.299480587533548	0.0897898582875411	0.178141830349986
ENSG00000091164_TXNL1	4287	0.591315311485977	0.0433491680599852	0.335305871405504	0.0245757302459197	0.00545391880261346
ENSG00000101557_USP14	3605	0.50704797611387	0.0318525991105901	0.423266052671138	0.0265781890667663	0.0112551830376358
ENSG00000101752_MIB1	2426	0.435882897761335	0.016384876590673	0.522598826967739	0.0196390416646416	0.00549435701561143
ENSG00000132199_ENOSF1	4944	0.162684104700988	0.012778936973381	0.75720764886994	0.0594712707825225	0.00785803867316863
ENSG00000141428_C18orf21	3966	0.430335071537371	0.0308370873196304	0.496619306852818	0.0355802758610152	0.00662825842916518
ENSG00000154889_MPPE1	5845	1.73766908412466e-06	0.508901695656364	1.52003500096623e-06	0.445118408523518	0.0459766381160334
ENSG00000158270_COLEC12	3888	0.651157463448619	0.0450266648004034	0.279883180026578	0.019348962590653	0.00458372913374614
ENSG00000166401_SERPINB8	5415	0.232732013003463	0.0276960000452545	0.650106370011821	0.0773530329363933	0.0121125840030681
ENSG00000167220_HDHD2	4314	0.0228242329274273	0.574871284303132	0.0134574293821989	0.338900753027061	0.0499463003601811
ENSG00000168461_RAB31	6436	0.491832008437814	0.085899118302024	0.352302567770707	0.0615216701759701	0.00844463531348495
ENSG00000172466_ZNF24	3830	0.665336160471539	0.0463498081565133	0.264926812557347	0.0184508573667135	0.00493636144788748
ENSG00000176014_TUBB6	5621	1.30932180845905e-06	0.383862811154405	1.98616608957969e-06	0.582263998849389	0.0338698945083075
ENSG00000177150_C18orf19	5368	1.18609446677815e-06	0.347735353428781	2.08435376254489e-06	0.611042900530526	0.0412184755924638
ENSG00000197563_PIGN	4978	0.0712429507142937	0.0171664981186844	0.717879399791182	0.17295741803524	0.0207537333406009
ENSG00000198795_ZNF521	4480	0.510242657555346	0.165533829930535	0.233504284230996	0.0757388946150418	0.014980333668081
ENSG00000215429_ILMN_33941	5415	1.1012017990081e-05	1.30516963072195e-06	0.882920684159419	0.10463335101591	0.0124336476370514
ENSG00000064666_CNN2	6025	5.44847935383653e-06	0.550072388258209	3.76519754480524e-06	0.380060279343686	0.0698581187212056
ENSG00000065000_AP3D1	5845	5.61996236296769e-06	0.56738387695221	3.80893922940141e-06	0.384497296331899	0.0481093978142982
ENSG00000065268_WDR18	5860	1.22749554714115e-08	0.00123926577312756	9.89157363925259e-06	0.998642100771377	0.000108729606900183
ENSG00000073050_XRCC1	6108	0.000415639363883206	0.000444173962302318	0.481794868330036	0.514868717705223	0.00247660063855567
ENSG00000076924_XAB2	6423	0.39095454419852	0.0887213066786686	0.415533401025963	0.0942886097526136	0.0105021383442339
ENSG00000083828_ZNF586	4593	0.361923692892645	0.0308689295123706	0.554528550260872	0.0472910536219535	0.00538777371215824
ENSG00000095932_ILMN_32047	6059	0.535648995661096	0.0744450397395538	0.335772402214056	0.0466585133664362	0.00747504901885787
ENSG00000104946_TBC1D17	4710	0.599073488975801	0.0579853391555476	0.30741360887054	0.0297493063856144	0.00577825661249685
ENSG00000104953_TLE6	6376	0.508690801686709	0.0708650442065557	0.362697816177248	0.0505197274681217	0.00722661046136546
ENSG00000105053_VRK3	4779	0.328624636022237	0.0313574043152844	0.577615298118145	0.0551088309402687	0.00729383060406437
ENSG00000105132_ZNF550	5281	0.34026723795758	0.0312343760333144	0.569621736231143	0.0522810698826578	0.00659557989530465
ENSG00000105198_LGALS13	4967	0.61461695969386	0.0587401669808776	0.293015089435398	0.0279984063228556	0.00562937756700822
ENSG00000105404_RABAC1	3611	0.253177780434604	0.17842455115921	0.320468703751839	0.225825063766597	0.0221039008877496
ENSG00000105697_HAMP	4938	0.538635190848996	0.081615796230268	0.322522917932954	0.0488613808888894	0.00836471409889202
ENSG00000105698_USF2	4958	0.389678052949829	0.0595383632742417	0.429814510330718	0.0656154026442983	0.0553536708009132
ENSG00000118046_STK11	6467	5.6836057664064e-06	0.57381053158017	3.73818956715195e-06	0.377354645359013	0.0488254012654828
ENSG00000121289_CCDC123	5715	1.37368550097136e-06	0.0122173091777363	0.000110938208620511	0.986663257284281	0.00100712164386066
ENSG00000121406_ZNF549	5316	0.577712673643286	0.052969142766523	0.333347649251224	0.0305584651480423	0.00541206919092443
ENSG00000125656_CLPP	5911	0.491317117786328	0.116480504341754	0.308163658722497	0.0730478484987671	0.0109908706506535
ENSG00000125753_VASP	5149	0.000392885052197061	0.000194400963238025	0.665314807519316	0.329195301666152	0.00490260479909726
ENSG00000125910_EDG6	6258	0.476169773423342	0.0688389595009704	0.390740292116322	0.0564808115266925	0.00777016343267279
ENSG00000126246_TMEM149	4702	0.0158666355160887	0.0018656736622186	0.87330653015354	0.102681211087752	0.00627994958040094
ENSG00000129933_KIAA0892	4157	0.0335576323943762	0.138502904979506	0.156258178635461	0.6448998753195	0.0267814086711568
ENSG00000130312_MRPL34	5527	0.364330653494128	0.0714521686134906	0.463800105997329	0.0909505530646168	0.00946651883043554
ENSG00000141934_PPAP2C	4185	6.3573794090665e-06	0.641833729479593	2.88435632059065e-06	0.291134281323294	0.0670227474613839
ENSG00000141994_DUS3L	5762	0.0665932434847848	0.00795109284952172	0.81909726418238	0.0977899176632698	0.00856848182004366
ENSG00000142046_BCKDHA	3860	0.389640104689082	0.27078008761373	0.183994879967946	0.127839353111114	0.0277455746181278
ENSG00000160113_NR2F6	5499	0.523952427030517	0.104540036895615	0.300480545354527	0.0599413942036154	0.0110855965157254
ENSG00000161558_TMEM143	5565	0.404496235475503	0.115044807815874	0.365364102537714	0.103903850157887	0.0111910040130226
ENSG00000167766_ZNF83	8275	0.248694074842178	0.0431348668236213	0.594329253347289	0.103072962479948	0.0107688425069636
ENSG00000167807_ILMN_19980	4801	2.86495797249485e-06	0.443883009707888	1.47340819154965e-06	0.227954724010413	0.328157927915534
ENSG00000170866_LILRA3	8008	0.471526462157429	0.082481444007709	0.372628797449754	0.0651736479771767	0.00818964840793113
ENSG00000170949_ZNF160	8170	0.286799226860746	0.0376252446070978	0.591114605052723	0.0775415170010424	0.00691940647839095
ENSG00000175691_ZNF77	6468	0.521927860127154	0.0726674864421544	0.3489192431214	0.0485717585710741	0.00791365173821757
ENSG00000176232_ZNF283	6226	0.273004066908677	0.292879833386325	0.194314683590619	0.208430183200904	0.0313712329134741
ENSG00000178229_ZNF543	5310	0.271157902820062	0.0239867811902679	0.642601700402229	0.0568394951362446	0.00541412045119679
ENSG00000182013_ILMN_30225	4529	0.0877371410259333	0.374252340293492	0.0951826293746444	0.4059750297047	0.03685285960123
ENSG00000183617_MRPL54	5933	0.00175801348871627	0.000278914795491522	0.857783327912385	0.13608613722289	0.00409360658051783
ENSG00000186111_PIP5K1C	5914	0.44370280192148	0.0606004326874134	0.429203255202591	0.0586122195143825	0.00788129067413252
ENSG00000188000_OR7D2	5259	0.242308992721169	0.320412522824407	0.175556838609526	0.232114519785007	0.0296071260598913
ENSG00000188321_ZNF559	5086	0.00495078227964816	0.602907116116231	0.00275801852417397	0.335818403774993	0.0535656793049533
ENSG00000189052_ILMN_17361	5052	0.510106167674104	0.13182296554169	0.275352392409329	0.0711457102420721	0.0115727641328046
ENSG00000189144_ZNF573	4007	0.364516095489046	0.0995193566383583	0.411109758108022	0.112227625436235	0.012627164328339
ENSG00000196365_LONP1	5794	0.498033327976288	0.0605827263979646	0.3871840292352	0.0470914747076247	0.00710844168292247
ENSG00000196931_ILMN_36955	8343	0.472042821271419	0.0660490551000912	0.39948623721643	0.0558902796667908	0.00653160674526948
ENSG00000197256_ANKRD25	4430	4.02728188598662e-06	0.623964384196017	2.06807440708489e-06	0.320360137212865	0.0556693832348246
ENSG00000198046_ZNF667	6230	0.552309658858151	0.0642178867133192	0.33761065937569	0.0392478925673448	0.00661390248549591
ENSG00000007341_ST7L	4101	1.04154395029383e-05	1.01323313372989e-06	0.594712397699157	0.057506947919808	0.347769225708397
ENSG00000043514_TRIT1	4272	0.309867628361401	0.023696580719532	0.610119750978041	0.0466481647098808	0.0096678752311452
ENSG00000049239_H6PD	3590	0.514396459201897	0.0631032758028541	0.367202944685334	0.0450361388852681	0.0102611814246463
ENSG00000049247_UTS2	4177	1.6459754970881e-05	0.648697162524391	7.44843950471364e-06	0.293493460007359	0.057785469273775
ENSG00000058799_YIPF1	5074	0.602471172583177	0.0587010338810145	0.303584754800437	0.0295737359671821	0.00566930276818928
ENSG00000064886_CHI3L2	5377	0.00637843752308419	0.000946857024797931	0.858475782039164	0.12743099749875	0.00676792591420281
ENSG00000065135_GNAI3	4228	0.019665925156228	0.0060283361002059	0.740453921466273	0.226969732025401	0.00688208525189224
ENSG00000066185_ZMYND12	4003	0.385865145668582	0.0235679423079017	0.551217215934143	0.0336616584176518	0.00568803767172144
ENSG00000067533_RRP15	5369	0.52138561902909	0.0547688282446151	0.377884086676296	0.0396884709414182	0.00627299510858122
ENSG00000069275_NUCKS1	3474	0.0576800720120025	0.185342747691031	0.161901976116347	0.520162945692996	0.0749122584876231
ENSG00000081692_JMJD4	4745	0.01129604735138	0.00101450846995846	0.901577709946652	0.0809663834162702	0.0051453508157389
ENSG00000084072_PPIE	4269	0.0172010391753659	0.00118120663761907	0.90409875368597	0.0620696047704389	0.0154493957306056
ENSG00000090686_USP48	5108	1.22569155033413e-06	0.00878674237596623	0.000138144907319418	0.990333010577223	0.000740876447941064
ENSG00000097046_CDC7	4297	0.424055255773841	0.0750543875578996	0.417425633886329	0.0738714042064627	0.0095933185754677
ENSG00000116171_SCP2	3950	0.122166551517255	0.00748050229343701	0.814589063792734	0.0498730267714278	0.00589085562514648
ENSG00000116199_FAM20B	4828	0.380136260505074	0.0476489498686632	0.48018293496013	0.0601576287836507	0.0318742258824823
ENSG00000116455_WDR77	5320	0.0046989620991463	0.000691903750733863	0.861404193890967	0.126832018211032	0.00637292204812097
ENSG00000116698_SMG7	4741	0.0131099709724409	0.00121947548005914	0.894035781055341	0.0831537712710677	0.00848100122109101
ENSG00000116791_CRYZ	3884	0.106571702989448	0.0109601888729408	0.794366056570938	0.0816888376833711	0.0064132138833023
ENSG00000116885_C1orf102	3229	0.105084508490484	0.00732959573082894	0.823828118048786	0.0574553267056087	0.00630245102429194
ENSG00000117174_C1orf181	5254	0.298048253259149	0.0353015448076381	0.590769941779047	0.0699662846287913	0.00591397552537464
ENSG00000117289_TXNIP	421	0.92233222776217	0.0381459638219618	0.0349662358459978	0.00144302662975347	0.00311254594011634
ENSG00000117481_NSUN4	3607	0.0404956466240462	0.00779520411136364	0.782677173067346	0.150642949314167	0.0183890268830764
ENSG00000121310_ECHDC2	3945	0.276341896352577	0.0169325711397173	0.660676332552386	0.0404767038033408	0.005572496151979
ENSG00000123473_STIL	4117	0.106783806733941	0.0115731542858352	0.790120420581643	0.08562680273163	0.00589581566695172
ENSG00000131697_NPHP4	5510	0.0938162489140943	0.394125910034507	0.0908598237299478	0.381666314860765	0.0395317024606853
ENSG00000134184_GSTM1	4350	9.89706880114259e-07	3.0474263884651e-07	0.759521199323965	0.2338590838299	0.00661842239661683
ENSG00000134262_AP4B1	3512	0.662683354612676	0.0445331818383961	0.268302918989636	0.0180238478159171	0.00645669674337546
ENSG00000134697_GNL2	4249	0.155075514102675	0.0127373324420995	0.7645835869534	0.0627952758047866	0.00480829069703845
ENSG00000135778_C1orf57	6008	0.0545268592847068	0.00715650350071269	0.820242309762188	0.107644164990282	0.0104301624621097
ENSG00000142632_ARHGEF19	4589	0.150536727068178	0.0291403603342559	0.679718398138955	0.131568416350567	0.00903609810804521
ENSG00000142684_ZNF593	2964	0.463327637218561	0.0985045266720819	0.349882194596537	0.0743718495452263	0.013913791967594
ENSG00000142794_NBPF3	5346	6.67638148428821e-05	0.478616643053541	6.70191477842776e-05	0.480406231293577	0.0408433426902546
ENSG00000143155_TIPRL	4899	0.00392963795596811	0.000823720858982378	0.819554777953016	0.171789115653338	0.00390274757869626
ENSG00000143156_NME7	5729	0.0494642536701593	0.0111074521510625	0.761833083454632	0.171067002547908	0.00652820817623793
ENSG00000143194_MAEL	5086	0.499741414181268	0.0841237824301105	0.346733109044919	0.0583561415541621	0.0110455527895405
ENSG00000143198_MGST3	5149	0.407084252525697	0.0503783361524629	0.476979543245022	0.0590216271388996	0.00653624093791878
ENSG00000143226_FCGR2A	5026	8.35971622290275e-11	0.0834741790977397	8.80558123860897e-10	0.879225399140209	0.0373004207978951
ENSG00000143387_CTSK	2866	0.0478408937981115	0.143642268601387	0.0945803916443567	0.283547206964266	0.430389238991879
ENSG00000143437_ARNT	2874	0.00782696843622541	0.0236321809288438	0.142779536675565	0.430703121280836	0.395058192678529
ENSG00000143537_ADAM15	2640	0.00413762177879706	0.115564621878973	0.00242222102387674	0.0668420947806206	0.811033440537732
ENSG00000143569_UBAP2L	3410	0.0553606189506231	0.37735961613073	0.0687423498991528	0.468544731761305	0.0299926832581892
ENSG00000143653_SCCPDH	6965	0.455152206740446	0.115510275679384	0.333493547295464	0.0846240537675722	0.0112199165171329
ENSG00000143756_FBXO28	4135	0.00241310588012048	0.000383990990169187	0.856030764001087	0.13621289318731	0.00495924594131343
ENSG00000153898_MCOLN2	4624	0.0149943441694021	0.0016376302781881	0.880473610695869	0.0961555358915128	0.00673887896502797
ENSG00000159479_MED8	3979	0.136197244018683	0.0148674588810988	0.733534230647898	0.0800381370199498	0.0353629294323701
ENSG00000160714_UBE2Q1	2846	0.0253658640770138	0.69582190069486	0.0078276434764724	0.214667129183052	0.0563174625686011
ENSG00000162384_C1orf123	4133	0.0886328506954521	0.00518694380522826	0.851088790995888	0.0498018609275025	0.00528955357592903
ENSG00000162437_RAVER2	4474	0.031724546076181	0.578658479615993	0.0136734501260078	0.249278254252665	0.126665269929153
ENSG00000162551_ALPL	5318	8.4385414272607e-05	0.604942573799757	4.75526419404095e-05	0.340841529986202	0.0540839581578285
ENSG00000162585_C1orf86	4606	0.00214392425088672	0.41207718241794	0.00286312199192254	0.550279364057429	0.0326364072818214
ENSG00000162600_OMA1	4718	0.297747205812067	0.033643949164421	0.594503558684413	0.0671690006030565	0.00693628573604317
ENSG00000162604_TM2D1	4385	0.603734637342623	0.0576944855018615	0.303784618940951	0.0290247035024563	0.00576155471210814
ENSG00000162606_L1TD1	4747	0.591666005087533	0.0828469163488591	0.278409989177508	0.0389757322343412	0.00810135715175813
ENSG00000162769_FLVCR1	4829	0.0408153957312444	0.0240283746071986	0.583147802480568	0.343295415205541	0.00871301197544757
ENSG00000162836_ACP6	2872	0.662838606226834	0.072530318164032	0.231804855790914	0.0253574991380703	0.00746872068015014
ENSG00000162885_B3GALNT2	4755	0.366246464180483	0.0643524461824965	0.472606949927095	0.0830270709601186	0.0137670687498071
ENSG00000168653_NDUFS5	4330	0.00414122297510718	0.000332583921759708	0.916520663108233	0.0736008798563014	0.00540465013859896
ENSG00000171488_LRRC8C	3881	0.324896627056167	0.0186105982158127	0.609619296843068	0.0349080024569914	0.0119654754279614
ENSG00000171806_C1orf156	5504	0.000408768676033659	9.21399727028584e-05	0.800211983240488	0.180355726989736	0.0189313811210395
ENSG00000175279_CORT	3344	0.691054823853983	0.041693087586544	0.247837973475289	0.014948226689235	0.00446588839494795
ENSG00000177000_MTHFR	4352	0.477701242026891	0.0408014918611949	0.438556545029941	0.0374525708382351	0.00548815024373826
ENSG00000177868_CCDC23	3917	0.252828866922428	0.0148080319284044	0.686952357070378	0.0402291973856456	0.00518154669314401
ENSG00000178028_DMAP1	3452	0.10916138968421	0.0117414319718218	0.787469234330261	0.084693493709679	0.00693445030402781
ENSG00000184022_OR2T10	3724	0.562078798065848	0.0373977638636377	0.368937118931759	0.0245400871981383	0.00704623194061767
ENSG00000185523_ILMN_7435	4865	0.341102394729363	0.20107459023966	0.263539914004037	0.155313737151718	0.0389693638752218
ENSG00000197622_CDC42SE1	3148	0.123551036340982	0.412591204859193	0.0981524132370671	0.327736071613526	0.0379692739492319
ENSG00000197747_S100A10	3277	0.255570890735657	0.17708631140043	0.32283932333099	0.223676107675829	0.0208273668570944
ENSG00000197780_TAF13	3968	0.378214238156261	0.112589275830321	0.382451303499192	0.113837685519405	0.0129074969948203
ENSG00000198216_CACNA1E	4609	0.411937978976648	0.0408452401546281	0.490271413208424	0.0486039610161489	0.00834140664415155
ENSG00000203666_EFCAB2	5733	0.0449816278461125	0.00897559567140311	0.776127773204807	0.154852811987587	0.0150621912900901
ENSG00000203965_ILMN_14353	4577	0.0624280616758339	0.319627908407899	0.0921984522725121	0.471996762881906	0.0537488147618495
ENSG00000204138_PHACTR4	3242	0.148487825746205	0.0107053119873674	0.779197274484972	0.0561712204337945	0.00543836734766063
ENSG00000088766_CRLS1	5783	0.00797069508597639	0.00338261150544749	0.688281901282358	0.292085478276399	0.00827931384981935
ENSG00000088832_FKBP1A	6029	0.39211503011283	0.0630412504975844	0.461896849192625	0.0742515414329293	0.00869532876403189
ENSG00000088833_NSFL1C	6056	0.0887323357738588	0.0138808713412071	0.767508230949268	0.120055572722628	0.00982298921303831
ENSG00000100991_TRPC4AP	2987	5.34475690091556e-06	1.19440915502058e-06	0.806608240010022	0.180242064750197	0.013143156073725
ENSG00000100994_PYGB	4342	0.000657676044220413	3.42430420849227e-05	0.943531834431926	0.0491199625108724	0.00665628397089681
ENSG00000100997_ABHD12	4228	2.24662421272881e-06	1.09941205783298e-07	0.947033127729073	0.046337556188406	0.0066269595171023
ENSG00000101052_IFT52	4516	0.0780815526373962	0.561100958739089	0.0385721040129907	0.277137450701681	0.045107933908843
ENSG00000101158_TH1L	4593	0.241852990922449	0.330845894444467	0.168622109198114	0.230640734225596	0.0280382712093739
ENSG00000101161_PRPF6	4176	7.49828624143527e-14	0.49891209507111	6.96230557042868e-14	0.463211771429028	0.0378761334997196
ENSG00000101182_PSMA7	6432	0.365234503027749	0.0525601632626634	0.503275901862028	0.0724189130069935	0.00651051884056633
ENSG00000101190_TCFL5	6351	4.25285947920573e-14	0.282971730401062	1.04086892137069e-13	0.692536551601396	0.0244917179973945
ENSG00000101220_C20orf27	5734	0.57806874002602	0.0431610130840625	0.348266319857039	0.0259985045091522	0.00450542252372611
ENSG00000101311_C20orf42	5805	0.442013452702099	0.188373936330299	0.246270696161976	0.104935368401483	0.0184065464041435
ENSG00000101343_CRNKL1	4175	0.00672365108767863	0.000706822564315996	0.879463771590426	0.0924327917025513	0.0206729630550282
ENSG00000124193_SFRS6	4681	0.0526724565020348	0.378370236458648	0.0658339356841783	0.472884895278197	0.0302384760769419
ENSG00000125821_DTD1	5334	0.448731365786516	0.0436180738771753	0.454593778982689	0.0441790407951042	0.00887774055851578
ENSG00000125870_SNRPB2	5936	0.498625650130638	0.118689258581207	0.300484340494509	0.0715144419697001	0.0106863088239453
ENSG00000125878_TCF15	4676	0.596728397095012	0.0827738528476662	0.274276397843043	0.0380374568100996	0.00818389540417903
ENSG00000125977_EIF2S2	2539	0.0341239304642659	0.00148721762508831	0.918965891532072	0.0400457614638101	0.00537719891476332
ENSG00000166948_TGM6	5586	0.560668775517464	0.0598038389612169	0.337023013902589	0.0359420599940357	0.00656231162469469
ENSG00000214078_CPNE1	2806	0.075214404823684	0.0167799698787909	0.618392902606998	0.137808661135612	0.151804061554916
ENSG00000154719_MRPL39	4650	0.391896025190374	0.0732942903036827	0.442533546186353	0.082755243528488	0.00952089479110187
ENSG00000156261_CCT8	5022	0.418890018856945	0.0586634139637242	0.450344969133426	0.0630594774465309	0.00904212059937452
ENSG00000160188_RSPH1	7087	0.41985892751541	0.0935715139776726	0.387744171872063	0.0864018618943929	0.0124235247404615
ENSG00000160193_WDR4	6467	0.447725157940191	0.0887735441912346	0.378624474268715	0.0750626625633264	0.00981416103653273
ENSG00000160194_NDUFV3	6363	0.304580529262169	0.0600000324056927	0.516682537018788	0.10176553271885	0.0169713685944996
ENSG00000160213_CSTB	5735	1.39782904943621e-12	0.417304459522612	1.83230984113042e-12	0.546977572562352	0.0357179679118072
ENSG00000182362_C21orf57	4417	0.23161677479337	0.0197082713913519	0.685326139913981	0.058309361864802	0.00503945203649561
ENSG00000182852_C21orf121	7280	0.452836309562031	0.0964402788406644	0.363253737312635	0.0773518139826329	0.0101178603020368
ENSG00000185808_PIGP	5240	0.00338099844244068	0.000658022035560945	0.828432454468517	0.161226191349614	0.00630233370386688
ENSG00000025708_ECGF1	3835	0.310594917937269	0.211347378838763	0.241534231008846	0.16428211112663	0.0722413610884913
ENSG00000099940_SNAP29	2996	1.09489798242381e-06	0.158254118969311	5.64062172291847e-06	0.815256434537199	0.0264827109737844
ENSG00000100033_PRODH	5516	0.56304303885842	0.0604897378384682	0.334260282545164	0.0359044813804588	0.00630245937748938
ENSG00000100092_SH3BP1	4566	0.0633597755184078	0.0369608674669957	0.560948154607522	0.327217082077599	0.0115141203294759
ENSG00000100101_NOL12	4638	0.167913342910107	0.0985496337446471	0.451122693813229	0.264749717650247	0.0176646118817696
ENSG00000100162_CENPM	4147	0.519774238411403	0.0681635334045716	0.357321700248406	0.0468515123381543	0.00788901559746491
ENSG00000100266_PACSIN2	5654	0.000171642885253968	9.57075051162225e-05	0.622058030160494	0.346826652220338	0.0308479672287977
ENSG00000100296_THOC5	3942	0.000339307296173143	0.226718850485388	0.000883184847874384	0.58994564354941	0.182113013821154
ENSG00000100299_ARSA	3550	0.393898754512639	0.266161426952812	0.188719363573419	0.127495884280268	0.023724570680862
ENSG00000100304_TTLL12	6013	0.352903701824636	0.198207545402831	0.273093104684877	0.153359672702312	0.0224359753853445
ENSG00000100321_SYNGR1	3684	3.41113752672331e-10	0.00656845345649499	5.15614500125224e-08	0.992861728817535	0.000569765823404329
ENSG00000100330_MTMR3	4298	0.00032979151374125	0.220383401258417	0.000683441011338341	0.456387700637513	0.32221566557899
ENSG00000100347_SAMM50	7035	0.208257135916676	0.116102534569142	0.422766274711779	0.235673335445659	0.0172007193567432
ENSG00000100417_PMM1	3529	0.0357084385151489	0.00270928125907231	0.86821256431205	0.0658457577420025	0.0275239581717265
ENSG00000128408_RIBC2	6497	0.116984919662172	0.0156120263338158	0.751905618152172	0.100329135435783	0.015168300416058
ENSG00000179750_APOBEC3B	3924	3.48836739559083e-08	0.671716654144365	1.37067702282825e-08	0.263871831273374	0.0644114659918161
ENSG00000184674_GSTT1	5044	0.000771213450050871	7.95602235291995e-05	0.901224550165643	0.0929675223282762	0.00495715383250065
ENSG00000184983_NDUFA6	4361	0.580756567535004	0.087374536803682	0.280473271539993	0.042187856469841	0.00920776765147986
ENSG00000185838_GNB1L	4455	0.392304656176666	0.0403665893451952	0.508465787518383	0.0523125575024122	0.00655040945734266
ENSG00000188130_MAPK12	5087	0.331956244303789	0.232264662162596	0.242717800773747	0.169802641493487	0.0232586512663809
ENSG00000189306_ILMN_12816	5198	0.304199786437659	0.16768900826616	0.33027732366506	0.182048368794337	0.0157855128367849
ENSG00000035141_FAM136A	4522	0.451772647060567	0.0478037512987647	0.446930581050919	0.0472851863734242	0.00620783421632522
ENSG00000068878_PSME4	5751	0.301831561457538	0.0279867518325748	0.608598896991771	0.0564260070540033	0.00515678266411324
ENSG00000079785_DDX1	5015	0.0817980241657352	0.00929384169397487	0.808009761793093	0.0917964751920413	0.00910189715515557
ENSG00000087338_GMCL1L	4226	0.22102975108808	0.0240958629657652	0.670095916312117	0.0730396911484351	0.0117387784856028
ENSG00000115053_NCL	4571	0.610500555547293	0.0405311508693535	0.323218597920463	0.0214541972696455	0.00429549839324538
ENSG00000115350_POLE4	4177	0.447146532022869	0.02773045396567	0.489220522897296	0.0303341664551036	0.00556832465906123
ENSG00000115364_MRPL19	5616	0.440735727920239	0.0377445308389514	0.474988628904768	0.0406720842747149	0.00585902806132624
ENSG00000115750_TAF1B	5787	0.0652255702512382	0.0110605551299102	0.771778659100016	0.130852443886448	0.0210827716323875
ENSG00000115816_CEBPZ	5910	0.241554611727368	0.0825482873305947	0.435277477468081	0.148658708847481	0.0919609146264758
ENSG00000115866_DARS	3320	0.192118098689791	0.0537190320136242	0.582475675141306	0.162859895916624	0.00882729823865521
ENSG00000115934_PPIL3	3577	0.00100093759644884	0.000153899699043008	0.858865291676394	0.132047362823325	0.00793250820478887
ENSG00000118640_VAMP8	4410	0.0381648044530373	0.00359534464011575	0.870176912350441	0.0819695892884205	0.00609334926798589
ENSG00000118961_C2orf43	4556	0.562448739195953	0.0411567163044005	0.364613348060196	0.0266751709155594	0.00510602552389148
ENSG00000119878_CRIPT	6046	0.00105461509555985	0.000124433529042548	0.88871377296778	0.104853658081345	0.00525352032627298
ENSG00000123983_ACSL3	4896	0.422124189270867	0.0268372314022739	0.514021154866435	0.0326753883120282	0.00434203614839534
ENSG00000130414_NDUFA10	6653	7.01047810582885e-06	0.524611082283461	5.62451480317013e-06	0.420841551622422	0.0545347311012077
ENSG00000132305_IMMT	3842	0.00322703707384333	0.00029061370046647	0.908974068349976	0.0818528145749618	0.0056554663007522
ENSG00000132313_MRPL35	3713	0.626153674839262	0.0517116393191185	0.292568121038236	0.0241566732508729	0.00540989155251105
ENSG00000132329_RAMP1	5816	0.334786267480396	0.19160194865452	0.287338614160134	0.164425274775641	0.0218478949293084
ENSG00000135632_SMYD5	3167	0.702830445087699	0.0431292041607857	0.235206557548509	0.0144290503121181	0.0044047428908885
ENSG00000135899_SP110	5082	0.248750429880612	0.161552201057103	0.334560394199232	0.217244015237916	0.0378929596251359
ENSG00000135951_TSGA10	3439	0.00427290919546317	0.000311272240806252	0.923090909805282	0.0672401017436499	0.00508480701479928
ENSG00000136718_IMP4	2880	0.647785436391956	0.0261118709044811	0.309204744039145	0.0124594328616914	0.0044385158027264
ENSG00000138035_PNPT1	5650	0.00776865963651193	0.0174104310390804	0.299523069548576	0.671260503908805	0.00403733586702692
ENSG00000138036_DYNC2LI1	5386	0.000114853875552621	0.611092562715126	6.23707164430255e-05	0.331793257617458	0.0569369550754214
ENSG00000138095_LRPPRC	5281	6.66335316393182e-05	0.354530554070755	0.000115221240418049	0.613014179344818	0.0322734118123696
ENSG00000138399_FASTKD1	5493	0.390782689404509	0.222659405962162	0.2340880897873	0.133359148986028	0.0191106658600008
ENSG00000144120_TMEM177	4302	0.424920585750714	0.0298864969181824	0.490561333149936	0.034483145265867	0.0201484389152997
ENSG00000144401_FAM119A	4337	0.52637167158775	0.0348454834868658	0.406875169638136	0.0269299102050008	0.0049777650822475
ENSG00000151665_PIGF	6001	0.0515725201102957	0.00604120803830887	0.83872034164757	0.0982423265357115	0.00542360366811413
ENSG00000151690_ILMN_5981	3444	0.150328493101922	0.053476708292764	0.579995286124769	0.206313200464644	0.00988631201590001
ENSG00000158089_GALNT14	4767	0.507729080986911	0.133161143006403	0.275191952822548	0.0721623159735588	0.0117555072105784
ENSG00000163082_SGPP2	4551	0.220443594566661	0.0125889215634705	0.716788394543125	0.0409245403033403	0.00925454902340323
ENSG00000168385_SEPT2	5282	4.83017499007422e-06	0.361561941733808	8.06700756224954e-06	0.603819897768559	0.0346052633150815
ENSG00000171103_ILMN_29305	4765	0.000253379517164013	0.000377841666070115	0.397144676036538	0.592215470933609	0.0100086318466176
ENSG00000171853_TTC15	6243	0.221088908870092	0.0482874456044077	0.593993106926931	0.129725563228092	0.00690497537047829
ENSG00000172954_LYCAT	5412	0.356326799796388	0.0870427965099781	0.439751733612534	0.10741220567931	0.00946646440178921
ENSG00000173272_FAM128A	3771	0.553655308111552	0.0374491012123509	0.369429548881254	0.0249736263006	0.0144924154942426
ENSG00000174501_ILMN_40651	2155	0.0574256305123693	0.00330163385728717	0.83232788237673	0.0477947766857552	0.0591500765678584
ENSG00000176732_PFN4	4751	0.0518407361237783	0.279951708303237	0.100339231971355	0.541828522857198	0.0260398007444319
ENSG00000182551_ADI1	6250	0.42621883962658	0.0936328832793773	0.385293095245274	0.0846319841882398	0.0102231976605285
ENSG00000183891_TTC32	5166	0.411703631694372	0.0461341144428972	0.465542742907215	0.0521426660363596	0.0244768449191568
ENSG00000196151_WDSUB1	5675	0.0458480373390988	0.0094630098276054	0.778652483665764	0.160708118349653	0.00532835081787858
ENSG00000196912_KIAA1641	2495	0.242774364862019	0.0197724994628238	0.643492486940032	0.0523669662558169	0.0415936824793087
ENSG00000198369_SPRED2	4718	0.561977917014526	0.089088163949907	0.293075849253358	0.0464507622427998	0.00940730753940966
ENSG00000213639_PPP1CB	4671	0.119879431525618	0.178558766727705	0.265551768184386	0.395495196551749	0.0405148370105426
ENSG00000214587_ILMN_36450	3703	9.4433091384736e-16	7.80219033029261e-06	1.21030977320903e-10	0.999974363043932	1.78346447053483e-05
ENSG00000011376_LARS2	4388	0.331391682054383	0.0402066019291338	0.5546783876853	0.0672907699365576	0.00643255839462602
ENSG00000075975_MKRN2	5353	0.221295985182173	0.0254730842258006	0.66722197095789	0.0767938115743795	0.00921514805975656
ENSG00000113851_CRBN	7353	0.3858020064953	0.0631295686433819	0.466471892941333	0.0763214715190973	0.00827506040088827
ENSG00000114316_USP4	2005	5.93490628252732e-18	0.66751764072665	2.2827791962615e-18	0.256675574087413	0.0758067851859395
ENSG00000114383_TUSC2	2382	5.91196217011906e-18	0.66493704398685	2.42955403125506e-18	0.273197744586878	0.0618652114262743
ENSG00000114491_UMPS	5029	0.112759841877511	0.075107175196394	0.478273476307178	0.31855351406497	0.0153059925539459
ENSG00000114742_WDR48	4623	0.0767836922576707	0.00904498691402345	0.81218679887581	0.095667891675855	0.00631663027664128
ENSG00000121542_SEC22A	4194	0.385673395523636	0.0264255601089009	0.545419541389094	0.0373659269766687	0.00511557600170044
ENSG00000129055_ANAPC13	4480	0.000147866036108592	1.18999748734e-05	0.919989432287885	0.0740331666789912	0.00581763502214147
ENSG00000132182_NUP210	5131	0.0132735091212377	0.00124939038337329	0.883561720291092	0.0831478997788139	0.018767480425483
ENSG00000144559_C3orf31	4900	0.302476553413335	0.0304547079258963	0.599128812081159	0.0603153749536855	0.00762455162592396
ENSG00000145088_EAF2	4893	0.00870788381701747	0.000596031814299534	0.89907744506102	0.0615093843851124	0.0301092549225506
ENSG00000154174_TOMM70A	3965	0.561703058694981	0.120649292071752	0.25224576044507	0.0541691245521454	0.0112327642360517
ENSG00000157017_GHRL	4922	0.42510882981765	0.127269657423755	0.334568853131594	0.100150774651646	0.0129018849753543
ENSG00000160124_CCDC58	4777	0.000614042134322515	4.47699972727031e-05	0.926075191094826	0.0675146702572197	0.00575132651635811
ENSG00000163602_RYBP	4856	0.57487073033513	0.050034877482645	0.340185253581682	0.0296033115301558	0.00530582707038758
ENSG00000163864_NMNAT3	4068	0.371892347977107	0.0550178262832042	0.491244105788525	0.0726655683931063	0.00918015155805793
ENSG00000164054_ILMN_5730	1696	2.85574979148023e-15	0.748213712155648	6.88553369503101e-16	0.180331279906089	0.0714550079382592
ENSG00000168297_PXK	4017	0.551046201308034	0.0492159850720035	0.360891726245753	0.0322259617692692	0.00662012560494064
ENSG00000168827_GFM1	4529	0.0910477743366929	0.00870731421554988	0.817243230227533	0.0781518502967181	0.00484983092350563
ENSG00000170819_BFSP2	4739	0.0666989351504303	0.0137150307434057	0.758118337158456	0.155883205604292	0.00558449134341547
ENSG00000172113_NME6	1606	9.83483780442839e-07	0.517138784238756	8.27961401133844e-07	0.435313932666991	0.0475454716490721
ENSG00000173226_IQCB1	4924	0.244807096146497	0.0165916268716371	0.673661833642147	0.0456376499755697	0.0193017933641494
ENSG00000178252_WDR6	1916	2.79792688764235e-18	0.314691667577485	5.86923213729464e-18	0.660105859865885	0.0252024725566312
ENSG00000178750_STX19	1898	0.428957353959497	0.014636898337105	0.520998930834735	0.0177598974307831	0.0176469194378799
ENSG00000180376_CCDC66	4919	0.178522221451836	0.0147424297140699	0.740406514521439	0.0611378471814628	0.00519098713119216
ENSG00000182923_CEP63	4481	0.186757754786075	0.0152214167438703	0.732772854197361	0.0597180462367649	0.00552992803592866
ENSG00000184203_PPP1R2	6233	0.532752512921698	0.0705116423048942	0.34430838581148	0.0455635447728983	0.00686391418902993
ENSG00000196455_PIK3R4	3853	0.438002764539524	0.0223209645272027	0.509650854324803	0.0259681501295224	0.00405726647894738
ENSG00000197548_ATG7	5327	0.506401571447819	0.0643118270587472	0.374639306748318	0.047571248476149	0.00707604626896707
ENSG00000213533_MUSTN1	3135	0.355286450879951	0.0636538627045639	0.482867051398729	0.0864997767408785	0.0116928582758777
ENSG00000033178_UBE1L2	4303	0.0764924770816138	0.00381244872067506	0.871524237517836	0.0434327552660311	0.00473808141384391
ENSG00000038002_AGA	5282	0.0756915793469362	0.00547604863356818	0.851341139879694	0.0615859590526674	0.00590527308713393
ENSG00000056050_C4orf27	4784	0.565193882985428	0.0404044038680237	0.363862560228204	0.0260071611253679	0.00453199179297724
ENSG00000059691_PET112L	3680	0.101530990584622	0.174404084422622	0.258412807639715	0.443864841427072	0.0217872759259692
ENSG00000078177_ILMN_7118	4992	7.60494651274256e-06	1.22960037707796e-06	0.857025783141539	0.138563203043289	0.00440217926828182
ENSG00000087008_ACOX3	7357	0.298215673841621	0.0484462551317046	0.555415782874495	0.0902216772574313	0.00770061089474794
ENSG00000109181_UGT2B10	4987	0.490881601894945	0.0298247315709034	0.447863593183042	0.0272068423202161	0.00422323103089366
ENSG00000109323_MANBA	4185	0.00195250988911456	0.00160943928420793	0.543152330565396	0.447710824900936	0.00557489536034556
ENSG00000109674_NEIL3	5383	0.494323374075786	0.0408985073942195	0.41436607394907	0.0342669878641262	0.0161450567167991
ENSG00000109775_C4orf20	6496	0.354482396991075	0.150839811636407	0.33283659645582	0.141608830012381	0.0202323649043163
ENSG00000109814_UGDH	5389	0.12326126877586	0.0279044249209845	0.67910138502646	0.15372192956662	0.0160109917100761
ENSG00000118564_FBXL5	5624	0.043760146418071	0.00440073377340053	0.858385117776927	0.0863162566577432	0.00713774537385793
ENSG00000121895_TMEM156	5507	0.00550264435284824	0.0015604843281249	0.769369212808311	0.218178546127355	0.00538911238336081
ENSG00000125089_SH3TC1	8127	0.420608581338398	0.0755698525899397	0.419855328782161	0.0754259770389618	0.00854026025053925
ENSG00000128039_ILMN_17863	5268	0.357764402229445	0.200824545653779	0.268287578260519	0.150575808887474	0.0225476649687833
ENSG00000132465_IGJ	5009	0.613663483360663	0.0449920213545497	0.313503149978507	0.0229802778580525	0.00486106744822848
ENSG00000138785_INTS12	3813	0.261642631147389	0.323722544702078	0.172934279491372	0.213938611886604	0.0277619327725567
ENSG00000145214_DGKQ	4880	0.0251017406400641	0.00596815571407858	0.778416984216424	0.185069920254792	0.00544319917464109
ENSG00000145247_OCIAD2	2358	0.0594448794316791	0.0025165232948953	0.89226443821978	0.0377648698124386	0.00800928924120696
ENSG00000145348_ILMN_16160	3944	0.000603542737165511	0.000749095509300527	0.44245530043701	0.549152544741147	0.00703951657537655
ENSG00000145439_CBR4	4675	0.557001355859533	0.0821783890969909	0.307034225975877	0.0452904571557762	0.0084955719118232
ENSG00000157426_ILMN_5103	5885	0.40782999155929	0.0683183926363574	0.441584484099758	0.0739645360656509	0.00830259563894358
ENSG00000163110_PDLIM5	4910	0.45434003662378	0.0461840532026045	0.448185130343542	0.0455526636002852	0.00573811622978779
ENSG00000163743_RCHY1	5392	0.278684402551106	0.220582262863366	0.238783482654254	0.188927152610496	0.0730226993207794
ENSG00000164111_ANXA5	5285	0.00174745558342357	0.533556429520407	0.00134730941141285	0.411326444612405	0.0520223608723508
ENSG00000164306_CCDC111	5977	0.267168520667727	0.0260152956007914	0.638488335069329	0.062166068439759	0.00616178022239333
ENSG00000168993_ILMN_30247	4765	0.520396315354849	0.122066959798992	0.279430745140969	0.0655322053243461	0.0125737743808438
ENSG00000170871_KIAA0232	7441	0.239029753259712	0.312754300767692	0.181949805609225	0.238040816090422	0.0282253242729484
ENSG00000171234_UGT2B7	4875	0.385440082199263	0.0269839498563092	0.544661061683622	0.0381259282356479	0.00478897802515759
ENSG00000174130_TLR6	5635	0.286576536693221	0.0819716281600736	0.477679713609822	0.13661714284434	0.017154978692543
ENSG00000174137_FAM53A	5066	0.0564718340030638	0.0122794822431498	0.756362755110321	0.164456391573311	0.010429537070154
ENSG00000174780_SRP72	6015	0.416089561263868	0.0689571111673946	0.435110876103144	0.0721017083919879	0.0077407430736055
ENSG00000179979_CRIPAK	5117	0.393444505975636	0.091978228899016	0.398734676885043	0.0931922982567341	0.022650289983571
ENSG00000197888_UGT2B17	4434	0.367301959008138	0.0189735360266456	0.579435392158389	0.0299272462248063	0.00436186658202137
ENSG00000198498_ILMN_19458	5157	0.5025816990135	0.0350873240751956	0.428065762935146	0.0298806713180765	0.00438454265808165
ENSG00000213759_UGT2B11	4877	0.300577135493762	0.0192342874087214	0.634758853092614	0.0406141563163757	0.00481556768852695
ENSG00000013561_RNF14	4526	0.0364760976144858	0.239543106202681	0.0922062829782801	0.605503950061362	0.0262705631431908
ENSG00000037474_NSUN2	6323	0.230774152054787	0.02915693748464	0.651351436473087	0.0822879389836489	0.00642953500383741
ENSG00000047188_YTHDC2	5883	0.234204376582828	0.192915324441582	0.298684983876794	0.246000130208262	0.028195184890535
ENSG00000063438_AHRR	4019	0.303685854887472	0.0629065135939912	0.492101162425375	0.101896086333745	0.039410382759417
ENSG00000082196_AMACR	4835	0.00496674863438246	0.00322900532820616	0.598877951839558	0.389341687277482	0.00358460692037078
ENSG00000112992_NNT	4217	0.104259780843682	0.00824559063289272	0.80681884818788	0.0637919779007541	0.0168838024347911
ENSG00000113196_HAND1	5061	0.492938833374545	0.0524035770410487	0.404695156953096	0.0430155792688939	0.00694685336241594
ENSG00000113318_MSH3	4947	0.308499331681862	0.0297452489000835	0.597912016235992	0.0576439797400936	0.00619942344196856
ENSG00000113384_GOLPH3	5089	0.449619337947514	0.173963949597044	0.259767402324199	0.10049144817468	0.0161578619565629
ENSG00000113621_TXNDC15	3829	0.000726293309249662	0.649751927371214	0.000334500291049298	0.299198546325469	0.0499887327030178
ENSG00000120314_WDR55	3015	0.0148230417677753	0.00107257494670058	0.913603035224307	0.0661026623455415	0.00439868571567629
ENSG00000123219_CENPK	3902	0.025379438858896	0.00131391644876363	0.92004379038807	0.0476258601597015	0.0056369941445688
ENSG00000145495_MARCH6	5363	0.27394181482754	0.165613233559055	0.338843016661084	0.204832891069069	0.016769043883252
ENSG00000145839_IL9	4172	0.000718594264776289	0.642845058817441	0.000285077237457954	0.254925153113198	0.101226116567127
ENSG00000146066_HIGD2A	3538	0.454101773149421	0.0744710815046472	0.39575230073712	0.0648911911603517	0.0107836534484603
ENSG00000150753_CCT5	5347	0.00404968760844155	0.00245854002434603	0.616132681712005	0.3740469862789	0.00331210437630722
ENSG00000155542_C5orf35	4877	0.14978022991788	0.0510622007721689	0.557043271932219	0.189851674671179	0.0522626227065523
ENSG00000161011_SQSTM1	6405	0.000222489574967008	4.18915712161424e-05	0.836295302556047	0.157456334105957	0.00598398219181273
ENSG00000164219_PGGT1B	5739	0.0848415342428458	0.00984711477432262	0.681335464852977	0.0789340151274213	0.145041871002433
ENSG00000164253_WDR41	4782	0.0589140015979549	0.0133547959303773	0.748770333521735	0.169724183752678	0.00923668519725449
ENSG00000164307_ILMN_10385	4848	1.99414418938122e-05	0.0238518669553687	0.000813746799550951	0.973316807572589	0.00199763723059726
ENSG00000164308_ILMN_22173	5058	1.54338303874177e-12	1.84604375649729e-09	9.48771845085237e-05	0.11259549386333	0.887309627104576
ENSG00000164338_UTP15	4856	0.344197906976451	0.0926384651969738	0.434572928539656	0.116950631637339	0.0116400676495798
ENSG00000164346_ILMN_8436	4669	0.0806701468888347	0.00682030823040925	0.835457418163291	0.0706278478156768	0.00642427890178816
ENSG00000169045_HNRPH1	6553	0.424599065373471	0.0834523485583994	0.403063614680623	0.0792100125219569	0.00967495886555027
ENSG00000169131_ZNF354A	6228	0.268843422644583	0.0336172482902657	0.614838825597087	0.0768760618819551	0.00582444158610922
ENSG00000171421_MRPL36	7058	0.0201088298795048	0.00283350213233802	0.851897289737214	0.120034319372186	0.00512605887875778
ENSG00000205464_ILMN_15537	3778	0.0352686267471897	0.00196719209369666	0.901997495708588	0.0503006037200874	0.0104660817304378
ENSG00000205550_ILMN_31744	1966	0.74773532119276	0.0302453897292444	0.209812762854962	0.00848306136777126	0.0037234648552623
ENSG00000009844_VTA1	3639	0.273846084694216	0.415408918825583	0.108961373601664	0.16525166799203	0.0365319548865066
ENSG00000010017_RANBP9	4399	0.20478386288228	0.246903917491122	0.237435944758761	0.286247268051027	0.02462900681681
ENSG00000030110_BAK1	7261	2.04348711869741e-23	0.443131237441799	2.39984959431301e-23	0.520372127756236	0.0364966348019659
ENSG00000031691_CENPQ	4828	0.0333514395654749	0.00265315275080956	0.883279824162848	0.0702556612930674	0.0104599222277997
ENSG00000047932_GOPC	4393	0.556930818687152	0.102401475190524	0.279253989401335	0.0513356537730901	0.0100780629478994
ENSG00000048544_MRPS10	4440	0.00200976667884214	0.00473545838311188	0.295279506330353	0.695742117839659	0.00223315076803299
ENSG00000051620_HEBP2	5015	0.00396390472263759	0.567544171023837	0.00262222918213724	0.375395201309547	0.0504744937618406
ENSG00000071242_RPS6KA2	6886	5.27223788303915e-06	0.35243091801751	8.92729251366427e-06	0.596707866418175	0.0508470160339192
ENSG00000111801_BTN3A3	4800	0.000554257193739701	4.01431805605128e-05	0.923590601287707	0.0668839567553725	0.00893104158262013
ENSG00000111850_C6orf162	5013	0.0607570636354451	0.0104206463266243	0.784686805955546	0.134574686576504	0.00956079750588062
ENSG00000112096_SOD2	5607	0.181069119647245	0.147240147620333	0.362457782715854	0.294725631348776	0.0145073186677925
ENSG00000112242_E2F3	5391	0.000636033772464726	0.5757416021721	0.000409642365026682	0.370758281984058	0.0524544397063503
ENSG00000112297_AIM1	4874	3.94008237132694e-07	0.0700538386703551	5.19691137468011e-06	0.923994002456878	0.00594656795315449
ENSG00000112584_FAM120B	3889	0.367362498569897	0.0302827768540996	0.549689421258352	0.0453051639964505	0.00736013932120087
ENSG00000124532_MRS2L	6682	0.443438181240853	0.111325965112984	0.346973716730482	0.0870972202380946	0.0111649166775864
ENSG00000124587_PEX6	4008	4.87860086778204e-08	2.18352694283227e-07	0.182423257514124	0.816474991922453	0.00110148342471973
ENSG00000124588_NQO2	5794	0.476451251029567	0.0528092224159088	0.41804905455662	0.0463296398712716	0.00636083212663254
ENSG00000124596_C6orf130	5195	0.180330014038818	0.427300692569165	0.102121770368003	0.241934162142301	0.0483133608817134
ENSG00000124688_MAD2L1BP	4151	0.00162488018413888	0.00371154692989796	0.30171488574258	0.689172551333433	0.00377613580995064
ENSG00000124762_CDKN1A	4784	0.0155023260888459	0.00496403693961613	0.721580326584453	0.231032042111598	0.0269212682754868
ENSG00000130023_C6orf70	5960	0.0281022249476579	0.00302892355453052	0.862142129541218	0.092909878999074	0.0138168429575196
ENSG00000130340_SNX9	5041	0.601191396166193	0.0549616156074163	0.310085605355554	0.0283429677321469	0.00541841513868964
ENSG00000130348_QRSL1	4952	4.0349149860682e-08	0.00717399426355207	5.58045967168128e-06	0.992193404637622	0.000626980290005731
ENSG00000135541_AHI1	3393	0.192043451321687	0.0709947201379501	0.531387765412388	0.196434558161087	0.00913950496688687
ENSG00000145979_TBC1D7	4365	0.602971956545622	0.046942572063596	0.319501923213418	0.0248681479562559	0.00571540022110807
ENSG00000145996_CDKAL1	5132	0.00064556044993085	0.584407095833344	0.00040136681388165	0.363294449234488	0.0512515276683555
ENSG00000146085_MUT	4797	0.0101288522478927	0.000790344062819572	0.911807022969748	0.0711412442249006	0.0061325364946391
ENSG00000146223_RPL7L1	3938	0.0733368748793564	0.32851571002411	0.103641823714953	0.464237774172885	0.0302678172086956
ENSG00000146243_IRAK1BP1	5361	0.443928708563794	0.0279926307037745	0.492075758659043	0.0310236402545574	0.00497926181883114
ENSG00000146281_ACY1L2	4266	0.00249373762591444	0.0158383940729903	0.133191034404659	0.845929305112141	0.00254752878429591
ENSG00000146453_PNLDC1	5558	0.358202370135887	0.28546661503835	0.185034128201242	0.147437661546386	0.0238592250781358
ENSG00000164414_SLC35A1	4901	0.140417548919847	0.0134821400850821	0.761536128793525	0.0731071584714468	0.011457023730099
ENSG00000164484_KIAA1913	5432	0.00113427089281878	0.000104932321094073	0.909544059036314	0.0841375801103117	0.00507915763946187
ENSG00000168405_CMAH	6211	0.0213399297395445	0.00550888722214979	0.767001394691177	0.197992690803819	0.00815709754331091
ENSG00000180992_MRPL14	4324	0.0546704447880997	0.130887354329464	0.23601151688814	0.565025404199518	0.0134052797947779
ENSG00000186470_BTN3A2	4936	5.40579416456173e-05	5.66851952157493e-06	0.897530728393371	0.0941068319040543	0.00830271324140839
ENSG00000188820_FAM26F	4479	0.242948603213926	0.0734733834126543	0.472484061041625	0.142822043631461	0.0682719087003347
ENSG00000196126_HLA-DRB1	6891	2.45162609382261e-35	5.36617312982386e-13	4.33602566482187e-23	0.949027864617993	0.0509721353814743
ENSG00000196306_ILMN_5683	918	0.000121316164611217	5.96143162322861e-05	0.66534153445558	0.326938839510689	0.00753869555288826
ENSG00000197498_BXDC1	4441	0.000255925315143099	0.486842918729438	0.000243521130914657	0.463197163179067	0.049460471645438
ENSG00000198502_HLA-DRB5	6722	5.50076347931641e-33	1.20401921200795e-10	4.56866751229972e-23	0.999999996136623	3.74297144558976e-09
ENSG00000204261_PSMB9	7843	4.97484108582404e-28	1.08890416149341e-05	4.56861137179245e-23	0.99998770657823	1.40438015435759e-06
ENSG00000005075_POLR2J	3894	0.489125002201236	0.0743793541318007	0.365361838987235	0.0555435766229089	0.0155902280568199
ENSG00000064419_TNPO3	4627	0.00409838502035859	0.000441291557716041	0.815697053744627	0.0877377468590497	0.0920255228182486
ENSG00000105778_KIAA0241	5538	0.27226023584222	0.045316348551254	0.578866226783827	0.0963421604738714	0.0072150283488281
ENSG00000105829_BET1	3629	0.400013461165147	0.0294486123035865	0.524421282491742	0.0385998815657366	0.00751676247378803
ENSG00000105928_DFNA5	6217	0.389473624666516	0.0473701357985968	0.494568720037314	0.0601439928545513	0.00844352664302262
ENSG00000105971_CAV2	3286	0.00334909413323036	0.000323097307362707	0.901786545556758	0.086990542822288	0.00755072018036139
ENSG00000106121_ILMN_22269	4683	5.4155412169797e-05	4.13508293181146e-06	0.924975045358728	0.0706229189635216	0.00434374518264877
ENSG00000106153_CHCHD2	5037	5.09582235878648e-05	3.96529201809646e-06	0.922217576670524	0.0717559883499223	0.00597151146394739
ENSG00000106392_C1GALT1	7184	0.36652499917483	0.203190653265245	0.264237772083813	0.146466049780392	0.0195805256957201
ENSG00000106591_MRPL32	5148	0.303973811342989	0.0499817900392304	0.546452993939003	0.0898423954524878	0.00974900922629003
ENSG00000106610_ILMN_35010	6787	0.107138425781689	0.011352387952929	0.792792005620931	0.0839995259032942	0.00471765474115715
ENSG00000126870_WDR60	4582	0.254264901485442	0.0151517884823074	0.684821741104465	0.0408039550936652	0.00495761383412
ENSG00000127952_STYXL1	3256	0.445891925756544	0.0414750997871409	0.459856767699626	0.0427640418747233	0.0100121648819659
ENSG00000128534_LSM8	3637	0.0872639507970764	0.0134417454399834	0.70763936511484	0.108918840409616	0.0827360982384841
ENSG00000128578_FAM40B	4778	0.496994898260031	0.0509194066842045	0.402164232030321	0.0411948433894034	0.00872661963603991
ENSG00000128604_IRF5	4595	6.31684640776859e-08	6.77617371043406e-09	0.86921731878522	0.0932046375875947	0.037577973682548
ENSG00000136240_KDELR2	6489	0.431703680219389	0.15808854556271	0.268567250709137	0.0983051568880821	0.0433353666206817
ENSG00000146535_GNA12	6979	0.0705554332425492	0.123644255303096	0.123426198665383	0.215830624816707	0.466543487972264
ENSG00000154710_RABGEF1	5147	0.51464245820642	0.0364227112630778	0.413750914176331	0.0292764220951012	0.00590749425906951
ENSG00000158604_TMED4	4523	0.471311822413957	0.0709184195200519	0.382459984526356	0.0575310803474152	0.0177786931922196
ENSG00000160916_ATP5J2	3203	0.0681523809735205	0.554948364658127	0.0355975062120498	0.289810397200817	0.0514913509554851
ENSG00000161036_ILMN_12314	3910	0.603027674708152	0.0917957078716589	0.256000615232348	0.0389594006755169	0.0102166015123245
ENSG00000168090_COPS6	2843	0.0582132882690395	0.611414171649784	0.0234396148090563	0.246125468880298	0.0608074563918215
ENSG00000169193_CCDC126	5355	0.019077850328484	0.00359757393545955	0.815119880286071	0.153701374107237	0.0085033213427483
ENSG00000170356_ILMN_115008	3498	0.542037965194361	0.0365762174096902	0.381994459769539	0.0257630022627848	0.0136283553636245
ENSG00000174353_ILMN_28376	2376	0.687535756226303	0.0660635825142434	0.217358328414267	0.020877250307593	0.00816508253759356
ENSG00000178381_ZFAND2A	7027	0.120975663447687	0.0239080261485128	0.709316043809261	0.140174192243278	0.00562607435126047
ENSG00000188191_PRKAR1B	5913	0.00178939868808018	0.000185308241667644	0.899501780755726	0.0931460786835033	0.00537743363102249
ENSG00000188372_ZP3	4172	1.02167928406874e-05	1.2025005787064e-06	0.888592122420526	0.104579089197334	0.00681736908871994
ENSG00000188707_C7orf29	5322	0.405801580073066	0.0390089580665174	0.490513124324622	0.047134580949319	0.0175417565864756
ENSG00000189077_TMEM120A	3251	0.141537244749118	0.0130645757085075	0.757888060046557	0.0699391811278672	0.0175709383679505
ENSG00000196313_ILMN_19309	3309	0.613898469714442	0.132705440500328	0.198198809419094	0.0428319511305137	0.0123653292356219
ENSG00000196511_TPK1	3709	0.456380930950817	0.032729724941229	0.471689111159527	0.0338221853298878	0.00537804761853904
ENSG00000196937_FAM3C	4074	0.540244420692911	0.0431932255661371	0.379890662067773	0.03036643424466	0.0063052574285182
ENSG00000197448_GSTK1	3439	0.712023957404913	0.0445919264919091	0.225147858823272	0.0140961955604831	0.00414006171942264
ENSG00000213214_ILMN_28207	3320	0.552916660749373	0.0369916321978419	0.374964818777794	0.0250761179925827	0.0100507702824086
ENSG00000214253_FIS1	4687	0.180596532990511	0.453780767266283	0.0910102686321292	0.228633436080829	0.0459789950302485
ENSG00000036448_MYOM2	9461	0.346099025553982	0.0594141277685046	0.501672005651452	0.0861143297168109	0.00670051130925107
ENSG00000066827_ZFAT1	5831	0.549345195715424	0.0716580934268703	0.328936518590176	0.0429002213340897	0.00715997093343949
ENSG00000070718_AP3M2	3912	0.241625713759581	0.210411660526911	0.281569105749555	0.245173805980968	0.0212197139829849
ENSG00000104427_C8orf70	4603	0.00157453062899266	0.0001659565092395	0.889890336390729	0.0937804070941542	0.0145887693768845
ENSG00000104497_SNX16	4877	0.0484335934725981	0.00948819041237623	0.783606216358682	0.153504290143396	0.00496770961294823
ENSG00000104518_GSDMDC1	4492	0.308034647284393	0.126045342093736	0.391246009927877	0.160080179929275	0.0145938207647186
ENSG00000104687_GSR	4526	0.609231077286053	0.0417562760687451	0.322516865951721	0.0221006875160331	0.00439509317744819
ENSG00000104723_TUSC3	8037	0.446503920231565	0.0649498168537304	0.420186251122424	0.0611143230551687	0.00724568873711189
ENSG00000104763_ASAH1	8313	0.388735241368168	0.0451305121617217	0.502390904331954	0.058320029090219	0.00542331304793742
ENSG00000136982_ILMN_3628	4993	0.266550103549025	0.0267565108249236	0.636395253870069	0.0638754376855961	0.00642269407038636
ENSG00000147421_HMBOX1	4171	0.0158121753634223	0.00098972832822325	0.920627076745507	0.0576196750362407	0.00495134452660648
ENSG00000147454_SLC25A37	5345	0.504305602258329	0.0459082841096051	0.407287437224302	0.0370710341273993	0.00542764228036398
ENSG00000147592_LACTB2	4290	0.360618464621769	0.236126263341693	0.228342659986967	0.149489103210629	0.0254235088389413
ENSG00000147647_DPYS	4926	0.6352192270421	0.0363608715191725	0.307240307828769	0.0175832853270434	0.00359630828291514
ENSG00000147813_NAPRT1	4481	0.0696138544908161	0.0285125527818224	0.633479460591182	0.259452579266803	0.0089415528693764
ENSG00000154319_C8orf13	6407	0.147111641837787	0.0135019948260627	0.764091759537018	0.0701236295409438	0.00517097425818821
ENSG00000156795_C8orf32	4509	0.000722486977813829	7.99161552950353e-05	0.8180125211441	0.0903916895934884	0.090793386129303
ENSG00000160959_LRRC14	2165	0.53584280063985	0.22971691094416	0.145347191797526	0.0622838308590431	0.0268092657594213
ENSG00000161016_RPL8	1643	4.82627679211706e-05	2.00620579862216e-05	0.703757923241972	0.292537236552741	0.0036365153793798
ENSG00000172728_FUT10	3766	0.0356497374219859	0.00248088120067196	0.893771099918397	0.0621920250563812	0.0059062564025635
ENSG00000173566_NUDT18	5040	0.253695113357117	0.027229335154756	0.644494941262811	0.0691688365157582	0.00541177370955844
ENSG00000176209_C8orf40	3690	0.000612635800280183	0.000538583916102132	0.239691447851027	0.210169939873455	0.548987392559137
ENSG00000205038_PKHD1L1	3806	0.000111989211176343	9.22026891681377e-06	0.850579659485912	0.0699503720798034	0.0793487589541906
ENSG00000215374_ILMN_41203	4788	0.570450695335461	0.0931471514227423	0.280232085656813	0.0457478189624536	0.0104222486225298
ENSG00000054179_ENTPD2	4380	4.15726934743849e-20	0.631337979617007	2.08564011083338e-20	0.316680879719812	0.0519811406631836
ENSG00000070214_SLC44A1	4998	0.422286319517924	0.183235992551504	0.262904571924727	0.114060490749207	0.0175126252566369
ENSG00000090054_SPTLC1	5202	0.0423632316321824	0.535065554259181	0.0266556530210317	0.336612882334721	0.0593026787528836
ENSG00000106733_C9orf95	5076	0.000787825388214605	6.31416616431277e-05	0.920364134158964	0.0737591885647587	0.00502571022641897
ENSG00000106789_CORO2A	4830	0.617867848214012	0.040103054015087	0.317292398670192	0.0205898916090207	0.00414680749168765
ENSG00000119314_ROD1	5141	0.336662791014385	0.0393392546686771	0.548026626697723	0.0640253031408343	0.0119460244783804
ENSG00000119383_PPP2R4	4155	0.64658577612684	0.0427685408839265	0.287026400090178	0.0189807780946089	0.00463850480444682
ENSG00000119431_HDHD3	5018	0.507209643942177	0.0950635864823898	0.326396812203083	0.0611646407128202	0.0101653166595299
ENSG00000130560_UBAC1	5764	3.89388411043655e-20	0.59133934361518	2.36113311728618e-20	0.358520086011829	0.0501405703729932
ENSG00000130653_PNPLA7	3517	7.46932093165639e-08	0.506216685048077	6.54743992871314e-08	0.443688146585897	0.0500950281984163
ENSG00000130956_HABP4	3847	0.490737898380017	0.025758817932094	0.45531031093724	0.0238949268575713	0.00429804589307736
ENSG00000131669_NINJ1	5136	0.556530798391695	0.0884508697353672	0.298536444265132	0.0474381203776193	0.00904376723018614
ENSG00000136861_CDK5RAP2	3299	0.389058677594909	0.0192922822485649	0.558839011255977	0.0277060886317802	0.00510394026876877
ENSG00000136872_ALDOB	6040	0.534612799464263	0.0643585876842324	0.351909871447719	0.0423573989268077	0.00676134247697803
ENSG00000137054_POLR1E	4393	0.251148912484268	0.0157175842270826	0.685216152325094	0.0428776567961141	0.0050396941674409
ENSG00000148290_SURF1	5812	0.2397062482397	0.036211614561183	0.618738840492603	0.093458905671753	0.0118843910347615
ENSG00000148296_SURF6	5856	0.328660993253095	0.0501524584390788	0.527872462223176	0.0805386202466278	0.0127754658380229
ENSG00000148384_INPP5E	5013	8.0040729880779e-22	0.0121552751257595	6.39833067796793e-20	0.971657482552192	0.0161872423220478
ENSG00000156052_GNAQ	4734	0.608347593784666	0.066939010191349	0.286662941284506	0.0315361987327091	0.00651425600677016
ENSG00000157653_C9orf43	5002	0.459265428554369	0.0848461846275906	0.376225776401571	0.0694950023907377	0.0101676080257319
ENSG00000159884_CCDC107	3618	0.614456783200665	0.041119459865077	0.317702976622248	0.0212552238091278	0.00546555650288238
ENSG00000164978_NUDT2	4319	0.0626245853172461	0.0239376903546611	0.654902687166826	0.250322510757727	0.00821252640353993
ENSG00000165029_ABCA1	5611	0.485314901174857	0.0477987254260698	0.418705279381697	0.041231385721262	0.00694970829611504
ENSG00000175768_C9orf105	4428	0.015044524755467	0.000940546696597955	0.917928524344956	0.0573779258832577	0.00870847831972168
ENSG00000196152_ZNF79	3549	0.0287677366959965	0.00134076954129109	0.916780008021245	0.0427177055419329	0.010393780199534
ENSG00000204001_LCN8	4436	3.90742150226582e-20	0.593395180967176	2.27266910190423e-20	0.345074230224543	0.0615305888082795
