gene	nsnps	PP.H0.abf	PP.H1.abf	PP.H2.abf	PP.H3.abf	PP.H4.abf
ENSG00000055950_MRPL43	294	0.0181302349202072	0.000437665001128363	0.914654069682081	0.0220350632903018	0.044742967106282
ENSG00000067057_PFKP	620	0.811428439562007	0.0354793049774268	0.139093292727849	0.00607385994737833	0.00792510278533914
ENSG00000078114_NEBL	486	0.908652700886031	0.0335300086310714	0.0521822449417885	0.00192185322219869	0.00371319231891033
ENSG00000089876_DHX32	529	0.737330045855591	0.0506370566391599	0.187557495605889	0.0128691376868545	0.0116062642125062
ENSG00000095787_WAC	497	0.904415926603055	0.0422057320012461	0.0465067766911308	0.00216559255481234	0.00470597214975578
ENSG00000107951_PAPD1	494	0.862236213917177	0.054100930471563	0.0730546696785391	0.00457777799758992	0.00603040793513096
ENSG00000119979_FAM45A	405	0.812659083908932	0.024424672665331	0.150557946788701	0.00451721578529465	0.00784108085174093
ENSG00000120616_EPC1	317	0.931842994964105	0.02857505166002	0.0351511521272946	0.00107455708820884	0.00335624416037161
ENSG00000127884_ECHS1	242	0.955979955157334	0.0143232970822575	0.0273404742215845	0.000407689434488959	0.00194858410433538
ENSG00000134463_ECHDC3	573	0.880990461870255	0.0517405949307497	0.0585164504956218	0.00343135166408028	0.00532114103929313
ENSG00000138185_ENTPD1	413	0.497435834712049	0.020726134198205	0.444340257517336	0.0184948538721014	0.0190029197003087
ENSG00000148484_RSU1	512	0.826495136276105	0.0856433990775229	0.0706337330848146	0.00730931762921495	0.00991841393234258
ENSG00000151640_DPYSL4	419	0.830488052730251	0.0201102048839165	0.139741579507105	0.00337754908065108	0.0062826137980761
ENSG00000151893_C10orf46	440	0.91457516122787	0.0320557627817692	0.0479726228757724	0.00167771662729456	0.00371873648729346
ENSG00000156398_SFXN2	213	0.757989408213775	0.0437977549325659	0.168668374343724	0.00972609106255001	0.0198183714473842
ENSG00000165730_STOX1	468	0.647132577316165	0.171198688821085	0.12353173964134	0.03265479475722	0.0254821994641897
ENSG00000165983_PTER	504	3.94025205605147e-07	4.1158640539826e-08	0.880026724935943	0.0918967630497699	0.0280760768304414
ENSG00000166169_POLL	245	0.861900616212674	0.0360289491299226	0.0909124438308254	0.00379293366922102	0.00736505715735688
ENSG00000173915_USMG5	295	3.08407432303567e-06	1.57344477536132e-07	0.896502529672952	0.0456802933102628	0.0578139355979855
ENSG00000183605_SFXN4	413	0.928374847694062	0.0283134114714837	0.0393330531428516	0.00119679058250885	0.00278189710909432
ENSG00000188690_UROS	528	0.306706346187886	0.0210711288776719	0.607309636900609	0.0416997566957869	0.023213131338046
ENSG00000197771_C10orf119	432	0.827732542274935	0.0223701654654687	0.137367927839595	0.00370365763593269	0.00882570678406896
ENSG00000205703_C10orf139	535	0.911345400652548	0.0367451767237866	0.0464948232526991	0.00187111402204438	0.00354348534892174
ENSG00000014138_POLA2	205	0.937149198686725	0.0198592630974064	0.0384673531865905	0.000811454468711327	0.00371273056056668
ENSG00000066336_SPI1	162	0.767338974632723	0.0104830918063853	0.206648150284107	0.00281042869688573	0.0127193545798991
ENSG00000074319_TSG101	432	0.0812382237107823	0.0027962752505626	0.822812320627262	0.0282568668039508	0.0648963136074429
ENSG00000078124_PHCA	301	0.022607521862594	0.0139864636733429	0.576079865689705	0.356369012899975	0.030957135874384
ENSG00000099834_MUPCDH	221	0.953274447483361	0.0168098575795411	0.0274252215956568	0.000481602192094215	0.002008871149347
ENSG00000110074_FOXRED1	561	0.137898764157906	0.00570158682552391	0.776450396631327	0.0320553622858347	0.0478938900994079
ENSG00000110076_NRXN2	212	0.966158027610697	0.0134036544330895	0.0189473236067062	0.000261629681987881	0.00122936466751943
ENSG00000110080_ST3GAL4	558	0.900946542900153	0.038658159152924	0.0540565973260797	0.00231545792871041	0.00402324269213256
ENSG00000110315_RNF141	554	0.904624035454975	0.032283975476793	0.057443178884417	0.00204641408116334	0.00360239610265163
ENSG00000110455_ILMN_3829	528	0.828970607807272	0.0393725257687588	0.116474910236647	0.00552239593304789	0.00965956025427451
ENSG00000110768_GTF2H1	480	0.729380051607533	0.0260357906046339	0.221504235963294	0.007891578359119	0.0151883434654201
ENSG00000120451_SNX19	495	0.82812865443851	0.0281503836311145	0.132340845684164	0.00449174303642461	0.00688837320978636
ENSG00000131626_PPFIA1	388	0.419695299255696	0.0241180645861008	0.507825997388418	0.0291633554525262	0.0191972833172584
ENSG00000134627_PIWIL4	386	0.927960230422491	0.0282915191642751	0.03949862537256	0.00120118001224234	0.00304844502843158
ENSG00000134809_TIMM10	329	0.168401707601454	0.00344807598807703	0.780656580394943	0.0159526390219202	0.0315409969936054
ENSG00000149084_HSD17B12	479	0.000430245542001961	1.83019060996933e-05	0.919026250840414	0.0390523247432702	0.0414728769682137
ENSG00000149089_APIP	545	0.000528470209604993	2.86596353706864e-05	0.908431931259186	0.0492236726135413	0.0417872662822965
ENSG00000159063_ALG8	317	0.795002319797645	0.0485548231039427	0.137719651072782	0.00840091517255171	0.0103222908530784
ENSG00000165434_PGM2L1	334	0.933691349471476	0.0302930202067838	0.0316324619282419	0.00102293481448475	0.00336023357901362
ENSG00000165526_RPUSD4	558	0.883732018622948	0.0366632362842647	0.0717479138348675	0.00297170807747074	0.00488512318044903
ENSG00000166435_XRRA1	376	0.0132868203695065	0.000431009798868149	0.925625625499877	0.0299956134959272	0.0306609308358214
ENSG00000166439_RNF169	376	0.100446258693406	0.00340876217378028	0.839606147611158	0.0284649502898933	0.0280738812317617
ENSG00000166788_SAAL1	438	0.889892306364662	0.0272036697233906	0.076177484395516	0.00232431453212536	0.00440222498430655
ENSG00000166796_LDHC	474	0.871488700450315	0.0309016598893962	0.0885512471583662	0.00313396771731172	0.00592442478461056
ENSG00000168000_BSCL2	313	0.933618667826582	0.0278895056114791	0.0339867136107503	0.00101177410666334	0.0034933388445249
ENSG00000168002_POLR2G	299	0.940028380493761	0.027559828715135	0.0287667150779203	0.000840580403163092	0.00280449531002057
ENSG00000168071_CCDC88B	233	0.869536795468523	0.0133513760313455	0.109355508581777	0.00167302508077479	0.0060832948375798
ENSG00000172890_NADSYN1	276	0.827184597990511	0.0380884619456212	0.122555407694205	0.00563663954917316	0.00653489282048938
ENSG00000173113_ILMN_22312	235	0.952574345311044	0.0147023682126387	0.0302898699286692	0.000465536649271797	0.00196787989837605
ENSG00000173715_C11orf80	175	0.953626492492779	0.0202735951501156	0.0230130939120797	0.00048664603960523	0.00260017240542052
ENSG00000173992_CCS	170	0.840381334839476	0.0192461265451059	0.125678816583586	0.00286642607275582	0.0118272959590768
ENSG00000175390_EIF3F	559	0.912010703431419	0.031855350608801	0.0511232635297753	0.00178244102528233	0.00322824140472206
ENSG00000175567_UCP2	307	0.879259001295231	0.0304234605012511	0.068637276186869	0.00235561090019275	0.0193246511164563
ENSG00000175575_PAAF1	308	0.92025840108623	0.0319635496832609	0.0396004872240217	0.00136864404108642	0.00680891796540099
ENSG00000175581_MRPL48	302	0.919343446869696	0.0318779202839731	0.0430788855067348	0.00148953544189684	0.00421021189769876
ENSG00000176148_TCP11L1	331	0.708054584271263	0.0143573466362758	0.254144899380193	0.00513503243461949	0.0183081372776483
ENSG00000177042_TMEM80	262	0.943782996284451	0.0184603189226968	0.0346132807840353	0.000674564127177202	0.00246883988163928
ENSG00000177685_EFCAB4A	287	0.946547586145811	0.0196908668262865	0.0310484090546202	0.000643825407161595	0.00206931256612042
ENSG00000177697_CD151	287	0.751899947588614	0.015641645440083	0.190076071696217	0.00391565318405729	0.038466682091029
ENSG00000179057_IGSF22	400	0.881282354361674	0.0296512067042686	0.0741143559472415	0.00248114541258761	0.012470937574228
ENSG00000182919_C11orf54	363	0.791232299459477	0.0203562215643115	0.177155624965923	0.00455102006635898	0.00670483394392976
ENSG00000184524_CEND1	281	0.899003966429222	0.018417151803399	0.076956410646128	0.0015724924505512	0.00404997867069981
ENSG00000185187_SIGIRR	191	0.954131024394076	0.0154934331314536	0.0277903944909337	0.000449131794765633	0.00213601618877147
ENSG00000196655_TRAPPC4	327	0.00218833061250889	5.79561522761125e-05	0.940202553369242	0.0248678147981194	0.0326833450678539
ENSG00000197345_MRPL21	337	0.00148596042184939	9.87259521658097e-05	0.102591589608932	0.00592620081927366	0.889897523197779
ENSG00000202477_SNORD25	289	0.935345840487534	0.0248909547460046	0.0357881017990421	0.0009493492756996	0.00302575369172001
ENSG00000205339_IPO7	319	0.877100622107045	0.015664368150324	0.100451320628	0.00178899156564989	0.00499469754898126
ENSG00000213931_HBE1	701	0.889494315175775	0.0415159110917959	0.0620010493345318	0.00288971380850864	0.00409901058938897
ENSG00000010626_LRRC23	406	0.00838846563152137	0.000352824103055787	0.922828092738731	0.0387850803492507	0.029645537177441
ENSG00000076067_RBMS2	204	0.873891030602617	0.0327855271491781	0.0830530780036621	0.00310871762019246	0.00716164662435024
ENSG00000089127_OAS1	297	0.0890738293074526	0.00166928457922741	0.841905616865335	0.015726073757446	0.0516251954905393
ENSG00000089163_SIRT4	329	0.919519637806127	0.0336415307556991	0.0412326017073953	0.0015044335100903	0.00410179622068817
ENSG00000110906_KCTD10	251	0.000397709190288614	9.76324445845843e-06	0.929079574145881	0.0227599447394262	0.0477530086799458
ENSG00000110931_CAMKK2	287	0.784085316810106	0.0260041346250393	0.175875352775536	0.00582468324627344	0.008210512543045
ENSG00000111321_LTBR	460	0.899563847873984	0.0450535085494773	0.0469026356834071	0.00234292163007991	0.006137086263052
ENSG00000111358_GTF2H3	294	0.943926520577953	0.0241423282883004	0.0281816018080327	0.000717754694260824	0.00303179463145269
ENSG00000111364_DDX55	287	0.914083379667121	0.0217478908574267	0.0586859235808001	0.00139216607953067	0.0040906398151213
ENSG00000111371_SLC38A1	274	0.071160876503576	0.00102343609635046	0.881223264566763	0.01263980496093	0.0339526178723811
ENSG00000111581_NUP107	477	0.883628885832907	0.0332994365277959	0.0746829362169276	0.00280883657036413	0.00557990485200535
ENSG00000111666_CHPT1	433	0.455178465449404	0.0123003507856935	0.498896642899905	0.0134615902061276	0.0201629506588695
ENSG00000111711_GOLT1B	551	0.885182471487601	0.0475951166808908	0.0573244351394922	0.0030754382009756	0.00682253849104015
ENSG00000111725_PRKAB1	381	0.912684213377741	0.0440138932356389	0.0350687894869385	0.00168463226070747	0.00654847163897439
ENSG00000111780_ILMN_16367	300	0.900247454564883	0.031185530945507	0.062367188225083	0.00215642244200166	0.00404340382252583
ENSG00000123297_TSFM	278	0.661669568182763	0.0413384110983447	0.269048710461925	0.0167979187295575	0.0111453915274093
ENSG00000123427_FAM119B	277	0.0120054578491433	0.000749045181753313	0.903687881536953	0.0563557417824655	0.0272018736496852
ENSG00000127337_YEATS4	468	0.681395751914743	0.0417157236735465	0.241053690124691	0.0147364475760771	0.0210983867109417
ENSG00000134545_KLRC1	400	0.926420914603511	0.0311869603852876	0.0380104738946168	0.00127647641168962	0.00310517470489484
ENSG00000135426_KIAA0748	281	0.915873446912875	0.0260968139710442	0.0520468634257384	0.00147851418999944	0.00450436150034294
ENSG00000136026_CKAP4	406	0.932649169092133	0.0267515007352268	0.0369860504448134	0.00105832880736423	0.00255495092046251
ENSG00000136048_ILMN_20048	412	0.934656551616422	0.0239350966456718	0.0380762307771642	0.000972713481035543	0.00235940747970645
ENSG00000139187_KLRG1	356	0.801184286027013	0.0228473766992487	0.164182363439645	0.00467487826730504	0.00711109556678815
ENSG00000139190_VAMP1	446	0.792812568249319	0.0387290711995903	0.153527151521508	0.00749239686207841	0.00743881216750404
ENSG00000139192_TAPBPL	448	0.183475053243219	0.00899612755297568	0.734584275133821	0.0359810876120639	0.0369634564579209
ENSG00000139197_PEX5	378	0.782601918160707	0.0321196934495599	0.167773005402674	0.00687514064269282	0.0106302423443662
ENSG00000150045_KLRF1	464	0.917747445274443	0.033862095235229	0.0432842986321815	0.00159354663123328	0.00351261422691314
ENSG00000155957_TMBIM4	371	0.935993260481859	0.021651545987947	0.0391731144067586	0.000903880556927524	0.00227819856650789
ENSG00000157895_C12orf43	275	0.893279174172952	0.0294607844671641	0.0659261981507669	0.00216510955539015	0.00916873365372678
ENSG00000165714_LOH12CR1	539	0.826812511108842	0.0741606237055586	0.080294425007991	0.00719043493471167	0.0115420052428967
ENSG00000166888_STAT6	204	0.79359232371835	0.0296812050200155	0.0419401065314299	0.00143525390628113	0.133351110823924
ENSG00000166896_XRCC6BP1	270	0.835313161384476	0.0507628553733784	0.0951915209378327	0.00577192785654812	0.0129605344477647
ENSG00000171840_NINJ2	309	0.938622977376014	0.0309522165137956	0.0268103162807439	0.000881369159294051	0.00273312067015255
ENSG00000176422_SPRYD4	207	0.00809279976197931	0.000304758062189492	0.922968929563536	0.0347231861924365	0.0339103264198589
ENSG00000177627_C12orf54	342	0.84285467688537	0.0635177356804846	0.0750801914018672	0.00564515944722355	0.0129022365850549
ENSG00000184752_NDUFA12	580	0.733878142009111	0.0856022476491377	0.150342416010995	0.0175238394098181	0.0126533549209387
ENSG00000185163_DDX51	361	0.922355489979281	0.028390332512337	0.044668614866213	0.00137169726454452	0.00321386537762428
ENSG00000185480_C12orf48	366	0.912084883504114	0.0207938914659994	0.0624907876992811	0.00142146836155685	0.00320896896904872
ENSG00000186081_KRT5	483	0.917950488621008	0.0299063431309462	0.0475189742570404	0.00154506400734014	0.00307912998366494
ENSG00000186611_ILMN_34849	426	0.921059959162457	0.0273629178690551	0.0470677955373839	0.00139517942751787	0.00311414800358614
ENSG00000032742_IFT88	412	0.813809754873297	0.026069603855077	0.148545950784231	0.00475170204524165	0.00682298844215368
ENSG00000102796_DHRS12	320	0.870500028195291	0.0217355609284621	0.0906210305337533	0.00224782571679111	0.0148955546257023
ENSG00000122034_GTF3A	522	0.87310932322784	0.0353662086165927	0.0829998431158457	0.00335682787587225	0.00516779716384916
ENSG00000136111_TBC1D4	489	0.479950570691255	0.0166580501924178	0.452838013779769	0.0156821605547881	0.0348712047817702
ENSG00000139617_ILMN_28859	416	0.0175811231691044	0.000557022378423377	0.917751123218198	0.0290420220169361	0.0350687092173381
ENSG00000151287_C13orf27	618	0.859513165951786	0.05089941285323	0.0777189656293518	0.00459515732737508	0.00727329823825694
ENSG00000169062_UPF3A	118	0.978879779429553	0.00584487126287638	0.0144155558139442	8.53004977086756e-05	0.000774492995917531
ENSG00000174032_SLC25A30	360	0.927557859705753	0.0274852610815752	0.0408227553022215	0.00120672661599454	0.00292739729445598
ENSG00000089916_C14orf118	490	0.603752231318083	0.0191038980768659	0.295865208202177	0.00928976330452586	0.0719888990983484
ENSG00000092020_PPP2R3C	343	0.934647999787066	0.015911275545951	0.0464858973159991	0.000789201735534585	0.00216562561544876
ENSG00000092094_OSGEP	428	0.389309937676263	0.0106118930382614	0.560019607565182	0.0152403152620337	0.0248182464582596
ENSG00000092203_TOX4	615	0.827011831838522	0.0300035959258181	0.132325020848192	0.00479482409426627	0.00586472729320124
ENSG00000100439_ABHD4	600	0.883293923180362	0.0358914923185973	0.0728962870669924	0.00295708398878917	0.00496121344525882
ENSG00000100445_C14orf124	487	0.798683986699906	0.0318334944790608	0.15611180741298	0.00621506044721234	0.00715565096084052
ENSG00000100490_CDKL1	355	0.558206523693279	0.0162153039814654	0.398002417720336	0.0115455153801159	0.0160302392248037
ENSG00000100744_C14orf129	583	0.721942671422137	0.0720556496452193	0.175035408988667	0.0174564231615414	0.0135098467824351
ENSG00000100814_CCNB1IP1	412	0.89428568553262	0.0235183525098483	0.0763589880040317	0.00200429249176467	0.00383268146173565
ENSG00000100908_C14orf122	486	0.892795094638266	0.0315296309719215	0.0671962362778474	0.00236696607912008	0.00611207203284538
ENSG00000100931_CHMP4A	482	0.917420738718562	0.0320758747427428	0.0455908760980063	0.00159067661139243	0.00332183382929693
ENSG00000119599_WDR21A	445	0.851671730160447	0.030269271951892	0.101672109066279	0.00360074311711374	0.0127861457042688
ENSG00000119632_FAM14A	623	0.902201458928047	0.0366926238555547	0.0552906728144031	0.00224510707353519	0.00357013732846038
ENSG00000119684_MLH3	345	0.0419494874883342	0.000914811287507336	0.895424398680697	0.0194846948415856	0.0422266077018756
ENSG00000119718_EIF2B2	345	0.196090262302573	0.00427949588787208	0.746086335724284	0.0162453733768376	0.0372985327084335
ENSG00000125375_ATP5S	354	0.930491312990679	0.0269643101182107	0.0385069667749549	0.00111295247676669	0.00292445763938858
ENSG00000129514_FOXA1	417	0.935104562302256	0.0252802014518778	0.0362728767665746	0.000978259531746111	0.00236409994754553
ENSG00000134007_ADAM20	404	0.924806520233149	0.0322773501734655	0.0383377304775693	0.00133480964047862	0.00324358947533718
ENSG00000139998_RAB15	385	0.910685998747757	0.0302999622778128	0.0517129913365955	0.00171498687977938	0.00558606075805489
ENSG00000140092_FBLN5	457	0.849291737778228	0.0421386558678261	0.0971278512888001	0.00481248873350563	0.00662926633164013
ENSG00000140104_C14orf79	205	0.967164731039807	0.00991443712408241	0.0216521644220054	0.000220909283801399	0.0010477581303039
ENSG00000155465_SLC7A7	623	0.882735934044905	0.0377040095154244	0.0720056710706148	0.00307107122317838	0.00448331414587716
ENSG00000157326_DHRS4	482	0.911466269211772	0.0318558898655086	0.0513852318682647	0.00179242177099664	0.00350018728345792
ENSG00000165501_PPIL5	276	0.936998486685886	0.0199274456710704	0.0397084825399489	0.000841969347401833	0.0025236157556932
ENSG00000165819_METTL3	624	0.88149736220409	0.0324622342575207	0.0787607374107499	0.00289607830548398	0.00438358782215544
ENSG00000166166_C14orf172	295	0.903439163777583	0.0134054355954643	0.0787636701000843	0.0011654869904285	0.00322624353643993
ENSG00000177465_ACOT4	364	0.921030455088276	0.0229856773582119	0.0514115583401882	0.00127975893402498	0.0032925502792986
ENSG00000182512_GLRX5	682	0.778921895689222	0.0606919937584172	0.128370073535446	0.00998029664352636	0.0220357403733886
ENSG00000183648_NDUFB1	484	0.881415174242176	0.0445899563693403	0.0643465137451343	0.00324882947857932	0.00639952616476973
ENSG00000184990_SIVA1	232	0.935881081304954	0.0107495317200773	0.0506090010689201	0.00057911380178827	0.00218127210425997
ENSG00000187630_DHRS4L2	489	0.915149075180777	0.032242775770719	0.0476569179301498	0.00167578577038001	0.00327544534797389
ENSG00000197195_CHURC1	377	1.36992951778673e-07	4.48336607929083e-09	0.928020679144433	0.0303296679887869	0.0416495113904617
ENSG00000198805_NP	428	0.93036472163879	0.0253600793535681	0.0405797874100303	0.00110354060042388	0.0025918709971877
ENSG00000198894_KIAA1737	572	0.757618835096149	0.0320168771446423	0.192958869478249	0.00814515741179884	0.00926026086916124
ENSG00000205659_LIN52	288	0.00481453997105483	9.28196894882371e-05	0.94611440044136	0.01820940476344	0.0307688351346577
ENSG00000051180_RAD51	286	0.0159181538820162	0.000490500383329514	0.908727738981197	0.0279545355445523	0.0469090712089056
ENSG00000064726_BTBD1	233	0.921827251236291	0.0417712586008658	0.0297785427904191	0.00134409241822885	0.00527885495419547
ENSG00000074696_PTPLAD1	277	0.616493901147087	0.011041599306422	0.345520647500659	0.00616760702154028	0.0207762450242918
ENSG00000103657_HERC1	335	0.928026621363421	0.025804854007077	0.0415396397062327	0.00115158044219335	0.00347730448107556
ENSG00000103671_TRIP4	214	0.945399184833008	0.0176677655880676	0.0329307175868556	0.000612024014676367	0.00339030797739257
ENSG00000103811_CTSH	450	0.823603804415101	0.0255802420516199	0.139489720743854	0.00432539879944138	0.00700083398998387
ENSG00000103932_RPAP1	299	0.701275132022273	0.0307054239072604	0.242287019161812	0.0105934300115877	0.0151389948970671
ENSG00000104047_DTWD1	344	0.721005859513423	0.0167954604729738	0.247389638190484	0.00575375903394274	0.00905528278917661
ENSG00000104055_TGM5	149	0.710904018185888	0.00878616099083175	0.268014053391508	0.00330343038200064	0.00899233704977175
ENSG00000136371_MTHFS	504	0.892867125455144	0.0363157660705438	0.0633077399005634	0.00256998919301096	0.00493937938073777
ENSG00000137806_NDUFAF1	303	0.594857358652785	0.024004312931475	0.184961141170622	0.00727484513994261	0.188902342105175
ENSG00000140264_SERF2	132	0.962623477544954	0.00581003338856899	0.0302038814643176	0.000181117782809673	0.00118148981934957
ENSG00000140400_MAN2C1	204	0.871194451726431	0.0108926915651888	0.112541953597434	0.00140316333900309	0.00396773977194303
ENSG00000140471_LINS1	601	0.856527128923553	0.0427123972085052	0.090092231788805	0.00448644319759725	0.00618179888153964
ENSG00000166140_ZFYVE19	278	0.745542574762447	0.0229796008521217	0.213119468672208	0.00655710640222595	0.011801249310997
ENSG00000166762_CATSPER2	130	0.889806347946164	0.00527950882353329	0.100511497992503	0.00059255713465584	0.00381008810314404
ENSG00000166938_DIS3L	409	0.00216401028243788	0.620205728787427	0.00114258088785427	0.327414811199178	0.0490728688431029
ENSG00000168803_ADAL	146	0.958654735380866	0.0117780770464921	0.0275548746255802	0.000336865034253145	0.00167544791280889
ENSG00000168970_PLA2G4B	284	0.644359553720915	0.0288972778150628	0.272813430487709	0.0121929937675983	0.0417367442087153
ENSG00000169118_CSNK1G1	219	0.95293596084115	0.0180355904597921	0.0259950494283546	0.000489447204462283	0.00254395206624048
ENSG00000171763_SPATA5L1	252	0.914670828886817	0.0164914436562834	0.0624801533582483	0.00112127599046837	0.00523629810818306
ENSG00000172345_STARD5	385	0.486227994654868	0.420500340275833	0.0181613113563777	0.0156468258861197	0.0594635278268014
ENSG00000188659_ILMN_4387	235	0.952853836008708	0.0228610205426511	0.0216310641170145	0.000516838684569191	0.00213724064705725
ENSG00000047578_KIAA0556	370	0.90133424649537	0.0571969411115518	0.0332668134061426	0.00210495107297856	0.00609704791395678
ENSG00000063854_HAGH	305	0.752380021583876	0.0208139052570446	0.21283697219951	0.00587985094971937	0.00808925000985065
ENSG00000070761_C16orf80	402	0.928361285024608	0.0252401679777246	0.0424131432494003	0.00115028800275008	0.00283511574551705
ENSG00000086504_MRPL28	250	0.944420562669628	0.0177802762251961	0.0349470520164136	0.000655739578380975	0.00219636951038134
ENSG00000090857_ILMN_138245	168	0.969570987227793	0.012490029518848	0.0164733865472237	0.000210955797481742	0.00125464090865377
ENSG00000090857_ILMN_8209	168	0.965047374209625	0.0124317562610123	0.0205019253298083	0.000262349547069722	0.00175659465248469
ENSG00000103042_ILMN_16502	363	0.922663094040229	0.0217752228051184	0.0514378145221071	0.00121104043281409	0.00291282819973174
ENSG00000103111_MON1B	663	0.629439235619058	0.0322689497225461	0.30655820330811	0.0157000366824624	0.0160335746678226
ENSG00000103126_AXIN1	237	0.924369375494717	0.0157054646696207	0.0534582829438	0.000902716876039809	0.00556416001582286
ENSG00000103174_NAGPA	470	0.880919176834814	0.0309397941377826	0.0807839463515908	0.00283278329418955	0.00452429938162282
ENSG00000103202_DECR2	252	0.913112395036002	0.0173752865164932	0.0640794960865578	0.00121512793091607	0.00421769443003076
ENSG00000103248_MTHFSD	776	0.860996892169195	0.0542215502268824	0.0740727794093201	0.00465870652119706	0.00605007167340564
ENSG00000103275_UBE2I	360	0.840753754018254	0.0225432321100878	0.12113838069233	0.00323576919128162	0.0123288639880472
ENSG00000103540_ILMN_12815	333	0.843742457829527	0.0178704502490444	0.123547093435321	0.0026044897326543	0.0122355087534536
ENSG00000118894_FAM86B1	492	0.88592205589494	0.0331086082594919	0.0688344380628109	0.00256290312255726	0.00957199466020006
ENSG00000125124_BBS2	448	0.000969643153123989	2.83100218787135e-05	0.858939707004549	0.0249627879363651	0.115099551884083
ENSG00000125170_DOK4	475	0.875673089713049	0.0326785019304551	0.0816696842843341	0.00304082383516111	0.00693790023700069
ENSG00000127561_SYNGR3	295	0.807520550424503	0.0224664524889885	0.157034028284383	0.00436030734761231	0.00861866145451329
ENSG00000127586_CHTF18	324	0.913864771474866	0.0222115572136643	0.0588500071172428	0.00142670722771183	0.00364695696651516
ENSG00000129925_TMEM8	250	0.821901143581334	0.0154736458949727	0.153322320725002	0.00288012303892732	0.00642276675976335
ENSG00000130731_C16orf13	306	0.941626095644927	0.0222517045256708	0.0325782325600048	0.000767084113950105	0.00277688315544765
ENSG00000131148_COX4NB	774	0.864195141398202	0.0559893990195115	0.0693388313576781	0.00448632782366359	0.00599030040094489
ENSG00000132603_NIP7	204	0.711912097396428	0.00955215533714619	0.264066490488687	0.00353220281640721	0.0109370539613315
ENSG00000135698_MPHOSPH6	867	0.736012713107804	0.0386192406770113	0.206252533120489	0.0108139520154792	0.00830156107921674
ENSG00000140829_DHX38	237	0.637796008953431	0.0185675696080081	0.317910591747529	0.00923855188602002	0.016487277805012
ENSG00000141076_CIRH1A	218	0.958501999206156	0.0132270089395222	0.0263821646775631	0.000362538813559475	0.00152628836319869
ENSG00000153406_NMRAL1	364	0.931529056927918	0.0259874478473954	0.0384628044591699	0.00107007025577258	0.00295062050974418
ENSG00000155393_HEATR3	376	0.754210363825265	0.0687834749972843	0.149379192715266	0.013609263623639	0.0140177048385461
ENSG00000159461_AMFR	470	0.00321653497267013	9.60468263268597e-05	0.923581739752643	0.0275328915265076	0.0455727869218526
ENSG00000161981_C16orf33	197	0.966282960485273	0.0136261709113066	0.0184776506718098	0.000259211103382401	0.00135400682822836
ENSG00000162076_FLYWCH2	254	0.908196667373685	0.0301143230723233	0.0545933591951024	0.00180493620636562	0.00529071415252422
ENSG00000166451_CENPN	687	0.0901547926352068	0.00424761564650319	0.814278903850414	0.0383114958089917	0.053007192058884
ENSG00000166501_PRKCB1	392	0.907164682783495	0.0359614353026063	0.0489145509424759	0.00193302345098267	0.0060263075204398
ENSG00000167515_TRAPPC2L	278	0.932961552798806	0.0144656721030387	0.0495654647643093	0.000766276981955691	0.00224103335189031
ENSG00000167526_RPL13	238	0.887010880712003	0.0120413940699251	0.0952356778278733	0.00128842447080561	0.00442362291939296
ENSG00000168748_CA7	278	0.955348376190635	0.0167324657014202	0.0258190707163702	0.000450559033430418	0.00164952835814428
ENSG00000168807_SNTB2	215	0.910789108109191	0.0124675051341725	0.072269961959617	0.000985793107128473	0.00348763168989117
ENSG00000169682_SPNS1	145	0.329612056196239	0.00616718501106887	0.620899255769187	0.0115855593329233	0.0317359436905818
ENSG00000171490_RSL1D1	525	0.822404296900292	0.114749061359796	0.0459185795286176	0.00639643136745727	0.0105316308438367
ENSG00000174177_ILMN_138331	297	0.691575428047441	0.0114671475861326	0.278144692032521	0.00459775662490363	0.0142149757090024
ENSG00000175643_C16orf75	433	0.637476416312529	0.0820505821231196	0.216944614365031	0.0278876383586324	0.0356407488406887
ENSG00000178952_TUFM	179	0.925684748070536	0.0207125351254032	0.0489754420776038	0.001092308479839	0.00353496624661805
ENSG00000180185_FAHD1	302	0.00178517994008704	4.9018548886569e-05	0.938137962664356	0.0257256565493512	0.0343021822973191
ENSG00000182108_ILMN_32084	489	0.720600470837331	0.0906660873592585	0.141764831162276	0.0178077169419399	0.0291608936991942
ENSG00000186153_WWOX	819	0.805513169036457	0.0627043126026088	0.114693666005101	0.00892003715730691	0.00816881519852659
ENSG00000187741_FANCA	194	1.02502279289018e-06	1.10636335090317e-08	0.959586219892964	0.0103272551779715	0.0300854888426377
ENSG00000197912_SPG7	243	0.0489928840242542	0.000685569017903492	0.90129422074602	0.0125755715230805	0.0364517546887423
ENSG00000002919_SNX11	279	0.702942218208852	0.0156539775601611	0.263650467948986	0.00585939733092847	0.0118939389510719
ENSG00000005156_LIG3	475	0.765278621306316	0.0463120634489929	0.164292785852903	0.00992825322264531	0.014188276169143
ENSG00000006282_SPATA20	318	0.0490573820539558	0.00103593099657502	0.903076563540717	0.0190422269572426	0.0277878964515099
ENSG00000007312_CD79B	175	0.425772498221809	0.00729173024089978	0.539074614353325	0.00921348141664239	0.0186476757673246
ENSG00000011052_NME1	365	0.930037518511449	0.0262685080978953	0.039239174640421	0.00110494368824191	0.00334985506199283
ENSG00000011295_TTC19	318	0.671694286143897	0.0155614704493152	0.295544281515386	0.00683665578895131	0.0103633061024504
ENSG00000012048_BRCA1	206	0.000694628072550091	1.15963812523169e-05	0.917026666486425	0.0152421617431637	0.0670249473166088
ENSG00000035862_TIMP2	536	0.909200625111848	0.0324346777703213	0.0528126380276368	0.00188035790605056	0.00367170118414363
ENSG00000055483_USP36	548	0.000605261880185774	2.18814085089014e-05	0.932933231192368	0.033694627915728	0.032744997603209
ENSG00000068097_HEATR6	135	0.942614787495333	0.00713823862144624	0.0456131535852297	0.000341126855335278	0.00429269344265549
ENSG00000073584_SMARCE1	283	5.69115593687549e-12	0.426463857854471	6.8904404072633e-12	0.516274364167803	0.0572617779651449
ENSG00000091640_SPAG7	432	0.900449859066516	0.0542818916518192	0.0379591841918024	0.00228327077516554	0.00502579431469735
ENSG00000108262_GIT1	156	0.960079979149048	0.00965490676971985	0.028452220917091	0.000284597387825029	0.00152829577631606
ENSG00000108278_ZNHIT3	266	0.806411256534792	0.0135744452481854	0.169414897803251	0.00284403177572696	0.0077553686380448
ENSG00000108352_RAPGEFL1	214	9.5588297422862e-12	0.716286015347297	1.32326282909122e-12	0.0989732822629139	0.184740702378907
ENSG00000108384_RAD51C	306	0.568989410656153	0.0108863506234756	0.396374643739709	0.00756756780927921	0.0161820271713832
ENSG00000108395_TRIM37	229	0.950766049960852	0.0127721570239151	0.034181272809084	0.000457352445012244	0.00182316776113667
ENSG00000108433_GOSR2	205	0.622072809924769	0.00904982492591268	0.289269918293641	0.00413278211022452	0.0754746647454534
ENSG00000108559_NUP88	494	0.849149580028258	0.0376596959902725	0.102233011391741	0.00452759335523384	0.00643011923449438
ENSG00000108592_FTSJ3	181	0.594399697260651	0.0105525925317507	0.374916213200966	0.00664253399542892	0.013488963011203
ENSG00000108639_SYNGR2	536	0.868446254356523	0.0367957588495717	0.0862122526626765	0.00364788462602596	0.00489784950520287
ENSG00000108651_UTP6	237	0.914919732696072	0.0237014090358277	0.0551904450074865	0.00142496996964694	0.00476344329096659
ENSG00000108666_C17orf75	358	0.560859750857948	0.0174089027649179	0.308668718078764	0.00947739056126628	0.103585237737104
ENSG00000108771_DHX58	227	0.832360319232521	0.011810735676753	0.13985028984347	0.00197039052206645	0.0140082647251898
ENSG00000108826_MRPL27	315	0.122363134821999	0.00752774999717317	0.793379620224945	0.0487805704272644	0.027948924528618
ENSG00000108960_MMD	447	0.879221670763874	0.026620932787079	0.0870839706389746	0.00263227334889771	0.00444115246117508
ENSG00000125319_C17orf53	274	0.897296008030568	0.0294338170797613	0.0654222321367214	0.00214032445632322	0.00570761829662588
ENSG00000125445_MRPS7	301	0.934875628619609	0.0201220690147801	0.0413888671937976	0.000888120072909423	0.00272531509890366
ENSG00000126581_BECN1	201	0.960902207344895	0.0134937135208813	0.0237922222585276	0.000332629101593567	0.00147922777410206
ENSG00000132141_CCT6B	484	0.84827404934285	0.0511932930389435	0.0879531983593857	0.00530069200093015	0.00727876725789025
ENSG00000132507_EIF5A	420	0.000174211903408428	1.0239931716201e-05	0.898315088356413	0.0527529553897686	0.0487475044186946
ENSG00000141560_ILMN_14939	159	0.805066757089319	0.00918548273489226	0.166151335681888	0.00187800042389622	0.0177184240700052
ENSG00000141696_ILMN_21605	235	0.947467171738967	0.0160098671131418	0.0339401597089325	0.000571493994846746	0.00201130744411132
ENSG00000141698_NT5C3L	236	0.00641310580878319	0.000108730707012648	0.945005107592388	0.0159895620708037	0.0324834938210124
ENSG00000141720_PIP4K2B	263	2.07320727026352e-05	0.884463473496962	1.08549138488252e-06	0.0462395283092493	0.0692751806297009
ENSG00000159199_ATP5G1	284	0.000198564161470829	1.80769915141104e-05	0.876297121206467	0.0797330580362293	0.043753179604319
ENSG00000161326_DUSP14	292	0.91088598480047	0.0174538995145365	0.0658703766804433	0.00125764006612894	0.00453209893842093
ENSG00000161664_ASB16	270	0.935122384611642	0.0308200669713608	0.0297821856266446	0.000978273848372162	0.00329708894198054
ENSG00000166260_COX11	429	0.441360743116019	0.0136226826681089	0.458642732192736	0.0140838044863791	0.0722900375367574
ENSG00000166750_SLFN5	448	0.000191703966535391	1.11866268662619e-05	0.915853713883303	0.05341287989707	0.030530515626225
ENSG00000167083_GNGT2	295	0.66171461762732	0.0616731581379176	0.0606946138525499	0.00544639114791436	0.210471219234298
ENSG00000167720_SRR	420	0.728369953009905	0.0177132294996374	0.238789094187512	0.00579778224125041	0.00932994106169486
ENSG00000167895_TMC8	523	0.903004115909986	0.0374585854174131	0.0525741411443331	0.00217610328956394	0.00478705423870342
ENSG00000168646_AXIN2	311	0.938270779181545	0.0274325315375485	0.0306671878955899	0.000893891054145735	0.00273561033117127
ENSG00000170291_C17orf81	426	0.00293366500197808	0.000173000916919195	0.90722578587385	0.0534637331931604	0.0362038150140929
ENSG00000172057_ORMDL3	256	4.16057784675057e-14	0.00311770771918619	8.96632062203416e-14	0.00572771189578183	0.9911545803849
ENSG00000172301_C17orf79	237	0.808718241441148	0.0209502114230815	0.156753632231983	0.00405124699628463	0.00952666790750356
ENSG00000176974_SHMT1	213	0.768993434372899	0.00920315576798583	0.208930455485449	0.00249005395711896	0.0103829004165479
ENSG00000177370_TIMM22	410	0.927101533659106	0.0211906779127502	0.0479446886248613	0.00109319761327687	0.00266990219000582
ENSG00000177602_GSG2	481	0.850317810758017	0.0546640968993563	0.0830203773506375	0.0053304359719053	0.00666727902008376
ENSG00000181031_RPH3AL	232	0.961761390360997	0.0138016296695693	0.0226624496051646	0.000323763720015849	0.00145076664425324
ENSG00000182534_MXRA7	454	0.918411388453597	0.0245232159878434	0.0528269996101842	0.00140774410552333	0.00283065184285261
ENSG00000185262_FAM100B	378	0.910638082504073	0.0204872076410083	0.0643566220377259	0.00144479881748545	0.00307328899970711
ENSG00000185504_C17orf70	261	0.936653666080328	0.0151352361053022	0.0451811193833525	0.000727772243027097	0.00230220618799043
ENSG00000187607_ZNF286A	377	0.928753348754187	0.0242864622019065	0.0430959488675282	0.0011241987034915	0.00274004147288675
ENSG00000187624_ILMN_7731	276	0.00135834948186391	2.26770515787801e-05	0.936560997226731	0.0155890080016806	0.0464689682381452
ENSG00000205309_NT5M	320	0.938048638318511	0.022764813194886	0.0357457030476716	0.000864910268806226	0.00257593517012463
ENSG00000213246_SUPT4H1	395	0.915158941112422	0.0248160107092011	0.0548273055796559	0.00148301609291613	0.00371472650580469
ENSG00000214087_ARL16	263	0.414956888595156	0.00681096275576968	0.536659755983627	0.00877575603711947	0.0327966366283281
ENSG00000066926_FECH	496	0.907454363026233	0.0311480723022213	0.0557499495962892	0.00190986091440405	0.00373775416085282
ENSG00000082212_ME2	430	0.89216255440546	0.0303532696703971	0.0680928157840732	0.00230958079509809	0.00708177934497176
ENSG00000091164_TXNL1	406	0.914076052334706	0.0317680954439142	0.0483224751179079	0.00167525684495245	0.00415812025851953
ENSG00000101557_USP14	285	0.946777080177083	0.0138391397038383	0.0370925735431306	0.00054043525957304	0.00175077131637492
ENSG00000101752_MIB1	188	0.879707117018893	0.0202890412338386	0.0931867414510147	0.0021445309589389	0.00467256933731488
ENSG00000132199_ENOSF1	365	0.711959420531754	0.0128721907313756	0.261718857553473	0.00472313746716202	0.00872639371623495
ENSG00000141428_C18orf21	439	0.900696790480413	0.0266736861816003	0.0669720009419433	0.00197966454434163	0.00367785785170221
ENSG00000154889_MPPE1	357	0.884577740875065	0.0202260652467134	0.0873751538501975	0.00199202315717036	0.00582901687085402
ENSG00000158270_COLEC12	301	0.950330151477407	0.0146252393257279	0.0327815594546329	0.000502736099260733	0.00176031364297164
ENSG00000166401_SERPINB8	459	0.740296688296874	0.0223980684237645	0.221584594965149	0.00669513377475791	0.009025514539454
ENSG00000167220_HDHD2	398	0.930743338379672	0.0248067346645513	0.0401408676848347	0.00106661625250129	0.00324244301844082
ENSG00000168461_RAB31	573	0.886816214284421	0.0366742807025062	0.0682368963320888	0.00281648042414388	0.00545612825684016
ENSG00000172466_ZNF24	341	0.94670591890006	0.0178801474113528	0.0330132015361987	0.000621731318689553	0.00177900083369925
ENSG00000176014_TUBB6	348	0.898603744606055	0.0189479259825302	0.0735826022649781	0.00154423859528758	0.00732148855114919
ENSG00000177150_C18orf19	341	0.885715677980793	0.0175545749955464	0.0911456633334173	0.00180269378297547	0.00378138990726772
ENSG00000197563_PIGN	449	0.67616503748476	0.0330544900172526	0.265928475041224	0.0129881133940459	0.0118638840627183
ENSG00000198795_ZNF521	481	0.914392364483059	0.0316460758303034	0.0488669224706348	0.00168782158277267	0.00340681563323027
ENSG00000215429_ILMN_33941	459	0.000140171856296468	4.22742505064626e-06	0.941004513951712	0.028349132589843	0.0305019541770989
ENSG00000064666_CNN2	305	0.939138952305871	0.0217671443543086	0.0356097320211349	0.000822692613379927	0.0026614787053054
ENSG00000065000_AP3D1	318	0.940745551228519	0.0191479338631614	0.0370680939858151	0.000752197718970776	0.00228622320353344
ENSG00000065268_WDR18	299	0.297791810777468	0.00673132111251365	0.660119644732681	0.0149009658251209	0.0204562575522167
ENSG00000073050_XRCC1	280	0.0886301717027951	0.00147120868699491	0.838033227922445	0.0138528458133338	0.0580125458744309
ENSG00000076924_XAB2	423	0.85209941899153	0.0871663450390033	0.0468534057736889	0.00478381804317662	0.00909701215260092
ENSG00000083828_ZNF586	333	0.884665718590559	0.0220924268919205	0.085075078965304	0.00211849992701089	0.00604827562520524
ENSG00000095932_ILMN_32047	370	0.915587107833345	0.0444981773315858	0.0341993185761124	0.00165805359096066	0.00405734266799618
ENSG00000104946_TBC1D17	332	0.945116994443573	0.0197083109710047	0.0325117600394367	0.000675973419269509	0.00198696112671577
ENSG00000104953_TLE6	368	0.912212689465184	0.0438611934560624	0.0376738840857726	0.00180699801417851	0.00444523497880274
ENSG00000105053_VRK3	348	0.906164573309434	0.0176954539551406	0.071214371226255	0.00138712571932006	0.00353847578985029
ENSG00000105132_ZNF550	388	0.849087162534471	0.0240526927822076	0.117874439799045	0.00333346040786702	0.00565224447641001
ENSG00000105198_LGALS13	290	0.901865907417506	0.0657339966767759	0.0249012034358638	0.00180927601251064	0.00568961645734363
ENSG00000105404_RABAC1	206	0.902093905771475	0.0175677843439412	0.0747003175989924	0.00145056030726142	0.00418743197832985
ENSG00000105697_HAMP	350	0.924128202790045	0.0335542493408578	0.0371771256645451	0.0013460730616323	0.00379434914292024
ENSG00000105698_USF2	351	0.884507159311525	0.0321490014849834	0.0747809081722063	0.00271219569602203	0.00585073533526369
ENSG00000118046_STK11	336	0.940699700044142	0.0233827727097518	0.0327120738214739	0.000810722342300657	0.002394731082331
ENSG00000121289_CCDC123	394	0.147037437856982	0.00633425125194297	0.776873249017762	0.0334307329179081	0.0363243289554048
ENSG00000121406_ZNF549	390	0.931119235343741	0.0264175014442067	0.0385663639999702	0.00109139052764908	0.00280550868443351
ENSG00000125656_CLPP	370	0.929931535147163	0.0281436109555372	0.0376842054777156	0.00113737812866014	0.00310327029092374
ENSG00000125753_VASP	342	0.00434306584028009	0.000191393800612131	0.922823215659293	0.0406357265271325	0.0320065981726825
ENSG00000125910_EDG6	363	0.910921922393852	0.0432932736025489	0.03898067610748	0.00184767332021154	0.00495645457590787
ENSG00000126246_TMEM149	340	0.0916906871275114	0.00322217873661649	0.414525831723272	0.0140907266238517	0.476470575788749
ENSG00000129933_KIAA0892	212	0.744645980522019	0.0126966661766449	0.229783914291044	0.00390899083370236	0.00896444817658956
ENSG00000130312_MRPL34	356	0.914401359534429	0.024943560897517	0.0555174866533691	0.00151081082758627	0.00362678208709905
ENSG00000141934_PPAP2C	198	0.961279811883959	0.015384387023986	0.0211873718209124	0.000337272973093153	0.00181115629804988
ENSG00000141994_DUS3L	351	0.349315862711616	0.00887875550937778	0.606722930679428	0.0154017333618258	0.0196807177377524
ENSG00000142046_BCKDHA	270	0.949740790762009	0.0216636662252138	0.0258271005325092	0.000586936800012825	0.00218150568025497
ENSG00000160113_NR2F6	344	0.943271860411025	0.0203742199052093	0.0335758643998791	0.000723167684494023	0.00205488759939289
ENSG00000161558_TMEM143	390	0.903494400678466	0.0300985600532073	0.059490034240752	0.00197688108803259	0.00494012393954243
ENSG00000167766_ZNF83	526	0.83569185612587	0.0339962932971687	0.118643314036434	0.00481961057841674	0.00684892596211034
ENSG00000167807_ILMN_19980	283	0.944939041613533	0.0210522963907229	0.0309195710417344	0.000686454469825139	0.00240263648418486
ENSG00000170866_LILRA3	456	0.921471488538123	0.0319047149980062	0.0420307584898908	0.00145211774751311	0.00314092022646714
ENSG00000170949_ZNF160	472	0.839558213960269	0.0300452597242664	0.118557915848941	0.00423522732808334	0.00760338313844059
ENSG00000175691_ZNF77	367	0.916277991168041	0.0440768061433279	0.033875225473544	0.0016253955367693	0.00414458167831757
ENSG00000176232_ZNF283	313	0.927161366768987	0.0330344370171974	0.035205127497625	0.00125099837752456	0.00334807033866611
ENSG00000178229_ZNF543	408	0.831179028950951	0.0247359375332013	0.133268720546416	0.0039592279962715	0.00685708497316045
ENSG00000182013_ILMN_30225	327	0.916826844018954	0.0247366311305353	0.0483102244462785	0.0012946120423239	0.00883168836190823
ENSG00000183617_MRPL54	369	0.00803992149833045	0.000395839665760337	0.918083282210525	0.0451728520866189	0.0283081045387648
ENSG00000186111_PIP5K1C	363	0.908171139075464	0.0439438459088	0.0414302318899665	0.00200023779491677	0.00445454533085239
ENSG00000188000_OR7D2	311	0.948895139319667	0.017865853247713	0.0308591976383763	0.000579218188556566	0.00180059160568716
ENSG00000188321_ZNF559	308	0.949302803421528	0.0177787805390807	0.0305047796455144	0.000569456969962658	0.00184417942391439
ENSG00000189052_ILMN_17361	333	0.941290433180882	0.0209667172359987	0.0347924391580475	0.000772804491049948	0.00217760593402237
ENSG00000189144_ZNF573	214	0.937781736227811	0.0117564129073287	0.0477948221531699	0.000597105388327737	0.00206992332336273
ENSG00000196365_LONP1	349	0.919401407547771	0.0224435438588415	0.0535419724038678	0.00130370582024283	0.00330937036927718
ENSG00000196931_ILMN_36955	478	0.919021483691317	0.0323341235616029	0.0438331592932058	0.0015389188243515	0.00327231462952299
ENSG00000197256_ANKRD25	285	0.943526324464569	0.022283049291122	0.0306782888284023	0.00072173165122534	0.00279060576468132
ENSG00000198046_ZNF667	485	0.921228636295066	0.0305902448085454	0.0437772809757004	0.00145071178324367	0.002953126137444
ENSG00000007341_ST7L	406	0.000349273380599804	1.45933154773394e-05	0.928611556116714	0.0387669241541874	0.0322576530330215
ENSG00000043514_TRIT1	299	0.809842401104018	0.0994101097004542	0.0714432901079033	0.00875929141765207	0.0105449076699723
ENSG00000049239_H6PD	325	0.927519386570276	0.035444020565783	0.03222693615274	0.00122793128045222	0.00358172543074874
ENSG00000049247_UTS2	430	0.903532717386574	0.0478407647691548	0.0415623220097167	0.00219579709157596	0.00486839874297816
ENSG00000058799_YIPF1	447	0.930184760672015	0.0246429704933756	0.0416213007419681	0.00110020381516245	0.00245076427747851
ENSG00000064886_CHI3L2	564	0.202846085344751	0.00948125029801707	0.716225390639084	0.0334391585104283	0.0380081152077202
ENSG00000065135_GNAI3	375	0.289457947390104	0.00636476844098671	0.6620207386275	0.0145292668832987	0.0276272786581103
ENSG00000066185_ZMYND12	327	0.902356927766971	0.0287237353400321	0.0598789934454874	0.00189892069882442	0.00714142274868518
ENSG00000067533_RRP15	334	0.926060297923087	0.0181532073782465	0.0521757483031086	0.0010201907699379	0.00259055562561996
ENSG00000069275_NUCKS1	363	0.66378420229249	0.0205700566085576	0.295049890024087	0.00913185836896399	0.0114639927059016
ENSG00000081692_JMJD4	290	0.108128262742946	0.00319340532094142	0.835072129222442	0.0246336245373295	0.0289725781763414
ENSG00000084072_PPIE	298	0.187871544141953	0.023072107566129	0.65238388042472	0.0800612753789601	0.0566111924882383
ENSG00000090686_USP48	422	0.0905333850132341	0.00288015733712149	0.854306746504619	0.0271531109498311	0.0251266001951944
ENSG00000097046_CDC7	330	0.882287892572717	0.0387170700437569	0.0704877865739917	0.00308776653015944	0.00541948427937528
ENSG00000116171_SCP2	313	0.683239378171926	0.0140371696113012	0.276913349314378	0.00566905043171995	0.0201410524706741
ENSG00000116199_FAM20B	342	0.892278187907217	0.026230271173462	0.0724406115323183	0.00212260583991911	0.00692832354708389
ENSG00000116455_WDR77	575	0.0759207741608529	0.00365376696438643	0.845115057352892	0.0406373763815126	0.0346730251403564
ENSG00000116698_SMG7	347	0.134424678970943	0.00289951313206319	0.805535522615613	0.0173354334157461	0.0398048518656349
ENSG00000116791_CRYZ	339	0.905553877780388	0.020658391769054	0.0686238278925489	0.00156191272561584	0.00360198983239337
ENSG00000116885_C1orf102	248	0.785599904656935	0.0147211835942164	0.186988751341358	0.00349474561451696	0.00919541479297396
ENSG00000117174_C1orf181	472	0.844176762223975	0.0350658862803074	0.11010566136452	0.00456754637179121	0.00608414375940654
ENSG00000117289_TXNIP	37	0.994917054619811	0.00176610269344518	0.00316106792761815	5.46097869385678e-06	0.000150313780431901
ENSG00000117481_NSUN4	253	0.731275008995578	0.0176803694648362	0.233964210870123	0.00564522426297672	0.0114351864064855
ENSG00000121310_ECHDC2	304	0.818120984196915	0.0165228470377122	0.149099066996616	0.00299795939992166	0.0132591423688346
ENSG00000123473_STIL	359	0.710847008287505	0.0309819588781821	0.237528296390391	0.0103422674188253	0.010300469025097
ENSG00000131697_NPHP4	454	0.887162938601881	0.0275417029294317	0.0788877799280781	0.00244508458071341	0.00396249395989598
ENSG00000134184_GSTM1	404	0.935683937603086	0.0224000969651416	0.0387190844931817	0.000924655353475978	0.00227222558511457
ENSG00000134262_AP4B1	297	0.920433518045559	0.0346728556138897	0.039450408106123	0.00148214115339524	0.00396107708103313
ENSG00000134697_GNL2	315	0.632731145222528	0.0117675856748442	0.338297959898519	0.00628077063441417	0.010922538569694
ENSG00000135778_C1orf57	547	0.21220416048257	0.00916105254156342	0.714612165323642	0.0308172717495227	0.0332053499027025
ENSG00000142632_ARHGEF19	267	0.625542249305257	0.00868261708029586	0.344312569384745	0.00476240820831497	0.0167001560213873
ENSG00000142684_ZNF593	219	0.907610023585639	0.0195947340021725	0.0666680296742662	0.00143462857136156	0.00469258416656044
ENSG00000142794_NBPF3	454	0.871367852625655	0.0340017265714087	0.0863661888059301	0.0033652041127643	0.00489902788424161
ENSG00000143155_TIPRL	481	0.226028432720994	0.108438395289382	0.428661241241898	0.205621359427548	0.0312505713201788
ENSG00000143156_NME7	420	0.530171603043912	0.0206741316223601	0.390195123639637	0.0151719378523733	0.0437872038417175
ENSG00000143194_MAEL	520	0.612803555677571	0.299368217930431	0.0428498280986671	0.0209090282885746	0.0240693700047567
ENSG00000143198_MGST3	557	0.691335198577691	0.0262779086050003	0.258417030198455	0.00980836615075899	0.014161496468095
ENSG00000143226_FCGR2A	416	0.831021043818217	0.0585610724928653	0.0938008614876073	0.00660001903663334	0.010017003164677
ENSG00000143387_CTSK	193	0.84943601453695	0.0118983482068915	0.131537421905356	0.00183719979161467	0.00529101555918785
ENSG00000143437_ARNT	198	0.437127211331083	0.00625210794135759	0.531538436750485	0.00758494793134016	0.0174972960457343
ENSG00000143537_ADAM15	244	0.603354098836017	0.33698986796072	0.0185503976707103	0.0103301320858635	0.0307755034466885
ENSG00000143569_UBAP2L	309	0.547854714973567	0.308552707478959	0.0748308928410378	0.0421182427077611	0.0266434419986746
ENSG00000143653_SCCPDH	474	0.92858611275594	0.0221173496676635	0.0457515096716713	0.00108726576843497	0.00245776213629007
ENSG00000143756_FBXO28	318	0.0637630751067367	0.00169427692278689	0.885113924573927	0.0234928183886429	0.0259359050079071
ENSG00000153898_MCOLN2	434	0.263838583348551	0.0104365866712366	0.677002787051944	0.0267580397933611	0.0219640031349075
ENSG00000159479_MED8	310	0.721949460137929	0.022807927046952	0.237877685673738	0.00750520497489398	0.00985972216648657
ENSG00000160714_UBE2Q1	259	0.60639755765786	0.339482811821831	0.0165162366161694	0.00921798832459867	0.0283854055795408
ENSG00000162384_C1orf123	354	0.366301100986388	0.00828512530330097	0.443979882212318	0.00987052754532517	0.171563363952668
ENSG00000162437_RAVER2	413	0.935939185623658	0.0223653641568658	0.0385756183913298	0.000919609405971029	0.00220022242217524
ENSG00000162551_ALPL	442	0.919527352753377	0.0316884403757626	0.0438780132862313	0.00150871175958496	0.0033974818250442
ENSG00000162585_C1orf86	241	0.90760505521188	0.0114297885805207	0.076931730781765	0.000965760585861911	0.00306766483997235
ENSG00000162600_OMA1	439	0.895937624490626	0.0278601756326272	0.070045240086655	0.00217415173803672	0.00398280805205551
ENSG00000162604_TM2D1	417	0.903986868416554	0.0315813730225201	0.0579296993495227	0.00201932923915991	0.00448272997224368
ENSG00000162606_L1TD1	450	0.919300316987199	0.0351787471557215	0.0403925436539676	0.00154210999780496	0.00358628220530718
ENSG00000162769_FLVCR1	381	0.682085700389048	0.0198505672835496	0.280394101127648	0.008150719555707	0.0095189116440477
ENSG00000162836_ACP6	223	0.947907185026139	0.0121436177616147	0.0377228868016652	0.000481522271569425	0.00174478813901132
ENSG00000162885_B3GALNT2	382	0.86459550434871	0.0301379185503608	0.0965084641915958	0.0033586756922479	0.00539943721708524
ENSG00000168653_NDUFS5	343	0.0220119162255272	0.00266220456864478	0.844677820004237	0.102130018654244	0.0285180405473471
ENSG00000171488_LRRC8C	340	0.835039674043304	0.0227298065686251	0.121893893997363	0.00330091997810728	0.0170357054126002
ENSG00000171806_C1orf156	392	0.0195632363669359	0.000766081188845439	0.886316281559951	0.034648753688013	0.0587056471962546
ENSG00000175279_CORT	269	0.934630673498183	0.0338736620823373	0.0269625742122295	0.000973640586321163	0.00355944962092918
ENSG00000177000_MTHFR	340	0.81596516723337	0.0446025903735405	0.116013839664443	0.00632449759411979	0.0170939051345261
ENSG00000177868_CCDC23	305	0.696327334090269	0.022118403827285	0.25982210726118	0.00823959476009555	0.0134925600611711
ENSG00000178028_DMAP1	285	0.534669768451854	0.0116118236394828	0.429381361654969	0.00931016960875812	0.0150268766449361
ENSG00000184022_OR2T10	161	0.963901721698863	0.0112753111315148	0.0231077038321775	0.000268857655798281	0.00144640568164638
ENSG00000185523_ILMN_7435	375	0.925408719532108	0.0267357282214379	0.0436221196464426	0.00125729849990162	0.00297613410010989
ENSG00000197622_CDC42SE1	216	0.951256175278249	0.0142732995048028	0.0320254007440922	0.000478564498284318	0.00196655997457194
ENSG00000197747_S100A10	272	0.892089080443964	0.017063242641174	0.0848566258025657	0.00161870457203372	0.00437234654026275
ENSG00000197780_TAF13	316	0.931211475852089	0.0199794906700755	0.0452064783730548	0.000967286641116499	0.00263526846366454
ENSG00000198216_CACNA1E	387	0.914893670117538	0.0232855114274617	0.0572513850545553	0.00145402417373115	0.00311540922671346
ENSG00000203666_EFCAB2	564	0.430115836501431	0.0198245193619444	0.502690767199925	0.0231453554656362	0.0242235214710636
ENSG00000203965_ILMN_14353	406	0.909116342195358	0.0227052716333712	0.0629603473756528	0.00156879172989828	0.0036492470657195
ENSG00000204138_PHACTR4	190	0.846230436196195	0.00873958618502298	0.136681332269309	0.00140465530035319	0.00694399004912029
ENSG00000088766_CRLS1	515	0.0865004305211451	0.00432831289373389	0.836916225824731	0.0418472484257091	0.0304077823346808
ENSG00000088832_FKBP1A	668	0.879296081874112	0.0506212157585005	0.0612626773326129	0.00352160368947474	0.00529842134529969
ENSG00000088833_NSFL1C	671	0.589872057115176	0.0352730036446323	0.339964740183342	0.0203145404181245	0.0145756586387253
ENSG00000100991_TRPC4AP	166	0.000116567394924387	1.79627863352398e-06	0.820308472503537	0.0124736786931301	0.167099485129774
ENSG00000100994_PYGB	268	0.0330196786374735	0.000606532065024565	0.920900788389869	0.0168872620195744	0.0285857388880586
ENSG00000100997_ABHD12	265	0.000109098075818549	1.99186935543404e-06	0.952897580893544	0.0173680023967716	0.02962332676451
ENSG00000101052_IFT52	475	0.91704657243937	0.0321637955625469	0.0453642528209285	0.00158723323192255	0.0038381459452319
ENSG00000101158_TH1L	450	0.897183940259293	0.0424693257770059	0.0526319360824126	0.00248617000227539	0.0052286278790135
ENSG00000101161_PRPF6	209	0.936034891115021	0.0186078268365588	0.0370599019371965	0.000729160982285481	0.00756821912893827
ENSG00000101182_PSMA7	520	0.866512665328592	0.0267212496186129	0.0987118846134741	0.00303903140364784	0.00501516903567293
ENSG00000101190_TCFL5	367	0.88618402403572	0.0195869657735547	0.0831801051839352	0.00182927647282743	0.00921962853396255
ENSG00000101220_C20orf27	474	0.908978853592338	0.0357668652614598	0.0491977116638806	0.00193172648875077	0.00412484299357048
ENSG00000101311_C20orf42	526	0.901452714270353	0.0458487069354325	0.0457660259151455	0.00232309234408081	0.00460946053498808
ENSG00000101343_CRNKL1	543	0.0310215640931104	0.00120958266652058	0.858783426744647	0.0334098264953819	0.0755756000003399
ENSG00000124193_SFRS6	502	0.864132246078056	0.0322003043511536	0.0944497698730839	0.00351379367886545	0.00570388601884091
ENSG00000125821_DTD1	488	0.891944249313866	0.037718645755826	0.0623580917011615	0.00263165913223311	0.00534735409691314
ENSG00000125870_SNRPB2	645	0.867139034915622	0.0666789635739644	0.0552598666669724	0.004242547454902	0.00667958738853948
ENSG00000125878_TCF15	510	0.914850154029168	0.0344450925406361	0.0457922524805581	0.00172093600653973	0.00319156494309818
ENSG00000125977_EIF2S2	183	0.355807544774588	0.00727179830271309	0.573112659675463	0.0116608131707458	0.0521471840764901
ENSG00000166948_TGM6	531	0.899514523329557	0.0430015893216408	0.0507064642043541	0.0024196815519557	0.00435774159249288
ENSG00000214078_CPNE1	165	0.751781388043771	0.0125608104504527	0.221159483275934	0.00368433249291911	0.0108139857369232
ENSG00000154719_MRPL39	408	0.840023852798523	0.0640948280567225	0.0799799549408877	0.00609275793734105	0.00980860626652563
ENSG00000156261_CCT8	384	0.89146850513365	0.0232390884972613	0.0741649211078685	0.00192415174868385	0.00920333351253682
ENSG00000160188_RSPH1	797	0.846001308227599	0.0616997429405423	0.0798080415294245	0.00581380520574967	0.00667710209668425
ENSG00000160193_WDR4	710	0.867580833796865	0.0564977285095593	0.065241783316376	0.00424217246623266	0.00643748191096705
ENSG00000160194_NDUFV3	682	0.605134796529908	0.0380839540886818	0.313246377949054	0.0196902103638073	0.0238446610685485
ENSG00000160213_CSTB	449	0.867125564676133	0.0448588219423769	0.077878186359424	0.00402274092306236	0.00611468609900422
ENSG00000182362_C21orf57	307	0.923980345103739	0.0142304071311646	0.0584496181631953	0.00089775244789952	0.00244187715400112
ENSG00000182852_C21orf121	836	0.862567776542732	0.0516353953748918	0.0759089401824396	0.00453874379026753	0.00534914410966874
ENSG00000185808_PIGP	457	0.0808644376978316	0.0034050786986883	0.756872771698512	0.031743649228328	0.12711406267664
ENSG00000025708_ECGF1	195	0.92644713898282	0.0139172242171836	0.055878391305769	0.000836492601604583	0.00292075289262293
ENSG00000099940_SNAP29	224	0.824194403944711	0.0188351729117264	0.141516621360219	0.00322182302142448	0.0122319787619185
ENSG00000100033_PRODH	425	0.91105373300287	0.041811631620696	0.0409568997651933	0.00187536151758883	0.0043023740936515
ENSG00000100092_SH3BP1	431	0.007037730687433	0.614196356564615	0.00365695321731822	0.319093358246574	0.0560156012840607
ENSG00000100101_NOL12	423	0.00955173109318944	0.833594561762001	0.00100677112542706	0.0877944435207525	0.0680524924986302
ENSG00000100162_CENPM	263	0.933154352460284	0.0198004752514487	0.0432568978951049	0.000914988945992103	0.00287328544717023
ENSG00000100266_PACSIN2	461	0.0068589544853543	0.000234769577411842	0.916622897911773	0.0313293860547907	0.0449539919706703
ENSG00000100296_THOC5	300	0.7639142241343	0.0195047220385451	0.199966559106802	0.00509414731679323	0.0115203474035599
ENSG00000100299_ARSA	178	0.924354044987967	0.0127357092226262	0.0366228714159946	0.000478779710847372	0.0258085946625653
ENSG00000100304_TTLL12	559	0.88545258287235	0.0373074680432651	0.0685459917576787	0.00288229035730599	0.00581166696939981
ENSG00000100321_SYNGR1	297	0.821816242086567	0.0160366555377634	0.153276715425616	0.00298510681927027	0.00588528013078369
ENSG00000100330_MTMR3	357	0.79307757555393	0.0369687075455161	0.154997173059014	0.00721733604060491	0.00773920780093572
ENSG00000100347_SAMM50	732	0.812236391256582	0.040508167782123	0.133291849643728	0.00664025940074602	0.00732333191682091
ENSG00000100417_PMM1	235	0.436931584492733	0.00767184030125051	0.496591165659576	0.00866923375113535	0.0501361757953053
ENSG00000128408_RIBC2	573	0.652013428039434	0.0267373604521996	0.2980395867047	0.0122108228907934	0.0109988019128729
ENSG00000179750_APOBEC3B	322	0.948436116397875	0.0193573525863105	0.0297682241807971	0.000605729705002954	0.00183257713001464
ENSG00000184674_GSTT1	397	0.0566232602354084	0.00115915301908909	0.862981131067851	0.0176047332897185	0.0616317223879329
ENSG00000184983_NDUFA6	280	0.947408988795884	0.0202158050957454	0.0295674035649024	0.000628729937889457	0.00217907260557848
ENSG00000185838_GNB1L	350	0.81833693222441	0.0299939210917752	0.136510062281159	0.00499324030202645	0.0101658441006291
ENSG00000188130_MAPK12	308	0.940437547868589	0.0202363939536458	0.0361094760088628	0.000774563944192664	0.00244201822470942
ENSG00000189306_ILMN_12816	395	0.917904125492408	0.0286397081854329	0.048560060802643	0.00151174770470698	0.00338435781480946
ENSG00000035141_FAM136A	361	0.881489189926894	0.045046872047243	0.0607036034885359	0.00309247734254548	0.00966785719478172
ENSG00000068878_PSME4	461	0.829623300219444	0.0274174142645534	0.132515763649543	0.00437331449361392	0.00607020737284485
ENSG00000079785_DDX1	371	0.634505173884957	0.0235094486925975	0.299687657014762	0.0110726900934271	0.0312250303142567
ENSG00000087338_GMCL1L	355	0.790442112966191	0.0180993149890622	0.179906211031624	0.0041120000490756	0.00744036096404725
ENSG00000115053_NCL	380	0.932248470855878	0.0224152695248995	0.0419317226445128	0.0010058205449622	0.00239871642974756
ENSG00000115350_POLE4	430	0.866101322050262	0.0385741749483971	0.085189622517928	0.00378780416110504	0.00634707632230731
ENSG00000115364_MRPL19	475	0.867408982733515	0.0338617965035586	0.0900351331927569	0.0035095950625025	0.00518449250766663
ENSG00000115750_TAF1B	450	0.155621599770763	0.00429144810766368	0.793796402749505	0.0218654415653773	0.0244251078066906
ENSG00000115816_CEBPZ	531	0.826542108762509	0.0433085782235506	0.117340690579445	0.00614166889395048	0.00666695354054457
ENSG00000115866_DARS	246	0.843700229426724	0.0113556987611602	0.136349690870605	0.00182841905015489	0.00676596189135583
ENSG00000115934_PPIL3	338	0.187232252698863	0.00365375473647734	0.755126147782765	0.0146966621551601	0.0392911826267339
ENSG00000118640_VAMP8	351	0.280969220133568	0.00612576558411149	0.671517622749446	0.0146138320577787	0.0267735594750957
ENSG00000118961_C2orf43	422	0.905213934513209	0.0245736489308194	0.0650339581589546	0.00176204653059166	0.00341641186642582
ENSG00000119878_CRIPT	667	0.036201175409562	0.00173836396822605	0.893036355326238	0.0428570322941933	0.0261670730017807
ENSG00000123983_ACSL3	393	0.87672823964797	0.0293114112004349	0.0864042966146119	0.00288405880450456	0.00467199373247878
ENSG00000130414_NDUFA10	540	0.888579603270006	0.0317132904532527	0.0729701860389294	0.00260015968713322	0.00413676055067862
ENSG00000132305_IMMT	292	0.0380090214483215	0.000756522643193249	0.911949070117173	0.0181200549503941	0.0311653308409181
ENSG00000132313_MRPL35	275	0.94591118336143	0.0177497725650171	0.0336657925963941	0.000629686106842161	0.00204356537031673
ENSG00000132329_RAMP1	453	0.894637077507233	0.0293392396913868	0.0697228935700808	0.00228251415003289	0.00401827508126684
ENSG00000135632_SMYD5	210	0.963823485416173	0.0114093467361206	0.0232729239579964	0.000274275350902902	0.00121996853880647
ENSG00000135899_SP110	456	0.843883182519044	0.0469210679252195	0.0939024527390284	0.00521102350837162	0.0100822733083365
ENSG00000135951_TSGA10	269	0.142353574443505	0.00717980140731293	0.785381625323232	0.0395863208412457	0.0254986779847041
ENSG00000136718_IMP4	201	0.958346656260969	0.0100721933979041	0.0297338497756509	0.00031096549654703	0.00153633506892883
ENSG00000138035_PNPT1	492	0.179755596745681	0.00590213230408016	0.75487441119799	0.0247509850924318	0.0347168746598171
ENSG00000138036_DYNC2LI1	478	0.899013967007785	0.0506745558077384	0.0429910807069906	0.00241836835306034	0.00490202812442577
ENSG00000138095_LRPPRC	468	0.769549474894383	0.0385748084965429	0.161287940335506	0.00806227165816334	0.0225255046154046
ENSG00000138399_FASTKD1	500	0.908749707947373	0.0371025587595632	0.0484533300228108	0.00197453939557363	0.00371986387467968
ENSG00000144120_TMEM177	347	0.894196526864999	0.0177200736362747	0.0827709314347301	0.00163657538979124	0.00367589267420465
ENSG00000144401_FAM119A	378	0.925576449362845	0.0264999631532684	0.0431661522831191	0.00123235494430388	0.00352508025646355
ENSG00000151665_PIGF	660	0.3900697398841	0.0187002495483527	0.546727834702967	0.026192251671828	0.0183099241927525
ENSG00000151690_ILMN_5981	279	0.694543287161384	0.0272827617685181	0.239022481099369	0.00935939003397654	0.0297920799367522
ENSG00000158089_GALNT14	448	0.914975786618002	0.0350715122278374	0.0442587967723411	0.00169246195572345	0.00400144242609634
ENSG00000163082_SGPP2	400	0.817479161103229	0.0254216551652605	0.145418306842516	0.00451499716388999	0.00716587972510459
ENSG00000168385_SEPT2	289	0.858028806292361	0.016593752801296	0.117881115178008	0.00227452693558535	0.00522179879274956
ENSG00000171103_ILMN_29305	533	0.0190578443484236	0.00110015108924598	0.901198952678222	0.0519968140911972	0.0266462377929114
ENSG00000171853_TTC15	559	0.681876354878109	0.0509569202888049	0.211122973664097	0.0157370060523919	0.0403067451165972
ENSG00000172954_LYCAT	575	0.817596523130601	0.0361237020201741	0.128939320175432	0.00568524472654759	0.0116552099472451
ENSG00000173272_FAM128A	132	0.965323912774665	0.0151303551911345	0.0174261666592326	0.000271287078328096	0.00184827829664025
ENSG00000174501_ILMN_40651	165	0.6283930731517	0.00748402559650377	0.318494012587938	0.00375131723669877	0.041877571427159
ENSG00000176732_PFN4	291	0.87738158343712	0.0684659225298155	0.0396224516246806	0.00308046362590261	0.0114495787824814
ENSG00000182551_ADI1	542	0.842205589449006	0.0798957500523274	0.0596153496699713	0.00564276371068348	0.0126405471180123
ENSG00000183891_TTC32	484	0.882629204403444	0.0289031611993542	0.0808215148707957	0.00264163042965769	0.00500448909674839
ENSG00000196151_WDSUB1	376	0.595763233479296	0.0570784558625698	0.299153552511418	0.0286417256073781	0.0193630325393383
ENSG00000196912_KIAA1641	194	0.883918831998733	0.0118963039787389	0.0901571145746234	0.00120056074013686	0.0128271887077675
ENSG00000198369_SPRED2	456	0.908531305045882	0.037868419312216	0.047364912092687	0.00196994762643523	0.00426541592278
ENSG00000213639_PPP1CB	515	0.816608687120256	0.0464940302312216	0.122498386819239	0.00696707603185713	0.00743181979742695
ENSG00000214587_ILMN_36450	321	0.00873675709622897	0.000154975210842548	0.94555605120525	0.0167437476162955	0.0288084688713831
ENSG00000011376_LARS2	340	0.874344251391828	0.0232999338286939	0.095103943917649	0.00252965208127531	0.00472221878055394
ENSG00000075975_MKRN2	411	0.802541735537772	0.0307899744414766	0.141741907294547	0.00541850176967036	0.0195078809565333
ENSG00000113851_CRBN	773	0.802297137838713	0.0700337464772079	0.0975297893491335	0.00849187730272355	0.0216474490322222
ENSG00000114316_USP4	118	0.971172660080005	0.00608933101459932	0.0216431382290569	0.000134744098106799	0.000960126578232414
ENSG00000114383_TUSC2	110	0.970891576072211	0.00762683833417969	0.0202125689332208	0.00015766847787777	0.00111134818251106
ENSG00000114491_UMPS	425	0.729548201656748	0.023740556487647	0.225504297550242	0.00732435428321127	0.0138825900221515
ENSG00000114742_WDR48	354	0.438557594282967	0.0122246208533489	0.467343801320748	0.0129581092046591	0.0689158743382764
ENSG00000121542_SEC22A	349	0.922348042766968	0.0180801936902041	0.0557404653243052	0.00108990298922913	0.00274139522929359
ENSG00000129055_ANAPC13	470	0.00415993844296919	0.000139085940806792	0.934160315634728	0.0312029529162662	0.0303377070652294
ENSG00000132182_NUP210	411	0.182352841879294	0.0081794986261235	0.730877308185408	0.0327378973168205	0.0458524539923534
ENSG00000144559_C3orf31	413	0.862096542626471	0.0266129152658792	0.103312577614814	0.00318446517185537	0.00479349932098066
ENSG00000145088_EAF2	319	0.142529999096807	0.00252762566436465	0.801117317786837	0.0141673492758739	0.0396577081761176
ENSG00000154174_TOMM70A	324	0.934521134153479	0.0261097050176976	0.0355474401791093	0.000990333072048524	0.00283138757766547
ENSG00000157017_GHRL	498	0.879059455930562	0.0371087103352642	0.0726293539684107	0.00305783871202678	0.00814464105373634
ENSG00000160124_CCDC58	400	0.0057905491114106	0.000130877097129214	0.943505917532557	0.0212956981409735	0.0292769581179293
ENSG00000163602_RYBP	467	0.919189512735578	0.0264329099497788	0.0497953986411779	0.00142880082741721	0.00315337784604809
ENSG00000163864_NMNAT3	410	0.77292405980335	0.0192092813439605	0.18611768583632	0.00460839403204374	0.0171405789843263
ENSG00000164054_ILMN_5730	107	0.977277074724578	0.00545988899679349	0.0159205288464686	8.76906035850422e-05	0.00125481682857455
ENSG00000168297_PXK	289	0.94996211227314	0.0145433779846142	0.0332406505686787	0.000507148685896067	0.00174671048767105
ENSG00000168827_GFM1	325	0.767353993368292	0.0207498645186762	0.199131316300922	0.0053772822051392	0.00738754360697027
ENSG00000170819_BFSP2	413	0.306743757370715	0.00901372365475429	0.640246017262699	0.0187885430370414	0.0252079586747906
ENSG00000172113_NME6	104	0.962032295076089	0.00528011705160158	0.0311701139898845	0.000169729516991304	0.00134774436543354
ENSG00000173226_IQCB1	331	0.840029273303785	0.0156178196216106	0.134903482195899	0.00250117654948456	0.00694824832922075
ENSG00000178252_WDR6	101	0.876955831766712	0.00464760760603708	0.112951529294627	0.000593758563264979	0.00485127276935879
ENSG00000178750_STX19	99	0.909656327296783	0.0160142813768766	0.0651972628773561	0.00113978983074552	0.00799233861823844
ENSG00000180376_CCDC66	390	0.772950314085587	0.0455128025770936	0.159727719923575	0.00939265915260184	0.0124165042611425
ENSG00000182923_CEP63	469	0.803118654980976	0.026804304808343	0.156421139821312	0.00521215458575701	0.00844374580361227
ENSG00000184203_PPP1R2	281	0.952817751143982	0.0178159091307369	0.0270237205347812	0.000503453844617508	0.00183916534588228
ENSG00000196455_PIK3R4	238	0.936592183115635	0.0136120364973823	0.0468838563360134	0.000679157463962301	0.002232766587007
ENSG00000197548_ATG7	546	0.882298774046835	0.0389758191116677	0.0704518919008466	0.00310706749821689	0.00516644744243389
ENSG00000213533_MUSTN1	262	0.877802404849346	0.0135886607128012	0.101134940303201	0.00155968676913811	0.0059143073655139
ENSG00000033178_UBE1L2	260	0.63922168810653	0.0187002866379978	0.299436048819354	0.00872601826630573	0.0339159581698123
ENSG00000038002_AGA	369	0.753131992301059	0.0648838134459328	0.156453701668521	0.0134667326472775	0.0120637599372097
ENSG00000056050_C4orf27	309	0.8690147401892	0.0284285033462847	0.0709563136185062	0.00229191999705458	0.0293085228489546
ENSG00000059691_PET112L	235	0.815954720310168	0.0563948427007898	0.108340441361023	0.0074761332963932	0.0118338623316258
ENSG00000078177_ILMN_7118	370	0.000181346811409202	4.77731233901876e-06	0.909346707368809	0.0238888097277332	0.0665783587797095
ENSG00000087008_ACOX3	472	0.659779320848052	0.0200133233058552	0.29045492502321	0.00878951072857308	0.0209629200943096
ENSG00000109181_UGT2B10	310	0.928016534469208	0.0339440632476844	0.0332814191119058	0.00121379036250003	0.00354419280870196
ENSG00000109323_MANBA	344	0.0651351011449045	0.00243349551396809	0.816355798246539	0.0304139943030798	0.0856616107915087
ENSG00000109674_NEIL3	387	0.843488974548002	0.0739604204212911	0.0674455301941256	0.00590468813966762	0.00920038669691391
ENSG00000109775_C4orf20	538	0.881839894391794	0.0272943821041342	0.0843532196548165	0.00260696410179951	0.00390553974745559
ENSG00000109814_UGDH	397	0.64690545396423	0.033288857813716	0.285088013173475	0.0146501664131385	0.0200675086354405
ENSG00000118564_FBXL5	499	0.298888535965633	0.0123503147517059	0.582411927668795	0.0239833635236633	0.0823658580902026
ENSG00000121895_TMEM156	437	0.489775368939799	0.0270117552730858	0.441316123126448	0.0243215890163818	0.0175751636442853
ENSG00000125089_SH3TC1	548	0.911246148581349	0.031078766849279	0.0525694580203628	0.00178960670663647	0.00331601984237272
ENSG00000128039_ILMN_17863	366	0.928408660615577	0.0274312643001891	0.0399516802327853	0.00117740295512818	0.00303099189632032
ENSG00000132465_IGJ	319	0.939822275028853	0.0243856731857083	0.0322100414171364	0.000833008528244342	0.0027490018400582
ENSG00000138785_INTS12	279	0.941804932437422	0.0174926712642067	0.0373052336280793	0.000690184049887538	0.00270697862040437
ENSG00000145214_DGKQ	239	0.0716615667825724	0.0259306756078615	0.0739157482366608	0.0259438009979242	0.802548208374981
ENSG00000145247_OCIAD2	139	0.260526843577819	0.00166779224464255	0.690121197573803	0.00437457981520401	0.0433095867885316
ENSG00000145348_ILMN_16160	264	0.0383381386924698	0.000634652131008288	0.902748288453222	0.014900777848283	0.0433781428750165
ENSG00000145439_CBR4	415	0.917217875281158	0.0333138938810467	0.0442201352136775	0.00160245573647555	0.00364563988764216
ENSG00000157426_ILMN_5103	380	0.889907093636584	0.0293177976562599	0.0734634929683807	0.00241534269051326	0.00489627304826192
ENSG00000163110_PDLIM5	415	0.818024074048882	0.0280101525643368	0.135647343986928	0.00463104486792486	0.013687384531928
ENSG00000163743_RCHY1	340	0.893387433427901	0.0347115572536407	0.0626124774328547	0.00242587426466107	0.00686265762094255
ENSG00000164111_ANXA5	355	0.918782755558695	0.0314682978947459	0.0439918101080196	0.00150246427421649	0.00425467216432322
ENSG00000164306_CCDC111	494	0.869961415701955	0.0255946159105686	0.096878950346544	0.00284549829357729	0.0047195197473554
ENSG00000168993_ILMN_30247	235	0.696405189485474	0.251846529956913	0.0187384262102042	0.00675026604525939	0.0262595883021491
ENSG00000170871_KIAA0232	739	0.841353859725864	0.0806597162888317	0.0642573713437509	0.00615271077411704	0.00757634186743686
ENSG00000171234_UGT2B7	321	0.787023297790158	0.0224742782794454	0.176563323923743	0.0050330454187013	0.0089060545879526
ENSG00000174130_TLR6	478	0.841682454290682	0.0488896829234882	0.0803138302836816	0.00464060861141088	0.0244734238907378
ENSG00000174137_FAM53A	258	0.358649980180908	0.129730613936992	0.339174277145145	0.122636067523752	0.0498090612132033
ENSG00000174780_SRP72	403	0.901093385814466	0.0324395707649913	0.0597519819563812	0.00214651665627872	0.00456854480788313
ENSG00000179979_CRIPAK	266	0.676671904033773	0.246003579900689	0.0403588938110836	0.0146501310803076	0.0223154911741465
ENSG00000197888_UGT2B17	261	0.750074743816097	0.0263487154961805	0.205598586750983	0.0072115253675223	0.0107664285692176
ENSG00000198498_ILMN_19458	333	0.896666732947546	0.0202379097389048	0.0769075773999633	0.00173135974482031	0.00445642016876589
ENSG00000213759_UGT2B11	325	0.821732399433654	0.0285189002579248	0.137359681136287	0.00475955148865462	0.00762946768347945
ENSG00000013561_RNF14	401	0.418725020526501	0.41448700496291	0.0636386593700714	0.0629543624037574	0.0401949527367599
ENSG00000037474_NSUN2	514	0.81383693228013	0.0297244640193091	0.141954565178515	0.0051754196696557	0.00930861885239028
ENSG00000047188_YTHDC2	414	0.885741611061421	0.0328884844550665	0.069961202779063	0.00258891063202431	0.00881979107242528
ENSG00000063438_AHRR	171	0.928915550484222	0.0090043992446618	0.0587040401484409	0.000566235079998961	0.00280977504267656
ENSG00000082196_AMACR	383	0.0472617065319679	0.0013971457330359	0.870853718765192	0.0256892903963645	0.0547981385734398
ENSG00000112992_NNT	177	0.80621642738589	0.00967538692433766	0.170322208329569	0.0020322796553981	0.0117536977048057
ENSG00000113196_HAND1	433	0.911515692387595	0.0235106115781471	0.0599637330665987	0.00154317036205682	0.00346679260560257
ENSG00000113318_MSH3	498	0.819293621905693	0.0302234466413488	0.138681684824704	0.00510922538536698	0.00669202124288768
ENSG00000113384_GOLPH3	538	0.897755204470791	0.0421151166908551	0.0516591988005588	0.00241736161067391	0.00605311842712087
ENSG00000113621_TXNDC15	337	0.930768392915981	0.0258223658865274	0.0383934399706147	0.00106119700826543	0.00395460421861186
ENSG00000120314_WDR55	250	0.171190978021854	0.00247663919040104	0.777425510391476	0.011209405089741	0.0376974673065273
ENSG00000123219_CENPK	359	0.202390425709613	0.00574572200865874	0.743477313088196	0.0210794915856361	0.0273070476078955
ENSG00000145495_MARCH6	582	0.856249148755893	0.0356737499046817	0.0986989936927062	0.0041068066168907	0.00527130102982807
ENSG00000145839_IL9	387	0.940730786436834	0.0218739868034947	0.0343964812154429	0.000797590014314799	0.00220115552991349
ENSG00000146066_HIGD2A	303	0.92331949245954	0.0214187017122169	0.0504743494155493	0.00116725840151892	0.00362019801117458
ENSG00000150753_CCT5	555	0.129157894418166	0.00514078989424726	0.786314810876873	0.0312490531045702	0.0481374517061428
ENSG00000155542_C5orf35	427	0.743439072761072	0.0305491848094236	0.169010427079767	0.00689482142384411	0.0501064939258928
ENSG00000161011_SQSTM1	413	0.000547818386688853	3.9887163480729e-05	0.904228924453142	0.0658083694235685	0.0293750005731192
ENSG00000164219_PGGT1B	401	0.450259374434877	0.0162962767384623	0.49540390028568	0.0179100661104282	0.0201303824305528
ENSG00000164253_WDR41	458	0.357852458554074	0.00962421378733995	0.574194600313404	0.0153996687407268	0.042929058604456
ENSG00000164307_ILMN_10385	375	0.0870807928737944	0.00233464936713976	0.781323908214481	0.020838991745841	0.108421657798744
ENSG00000164308_ILMN_22173	344	2.14875006638959e-07	5.18567331110631e-09	0.946657808760968	0.0228155840583378	0.0305263871200143
ENSG00000164338_UTP15	393	0.836554683340433	0.0560900655554293	0.0901440447742493	0.00603288009757499	0.0111783262323129
ENSG00000164346_ILMN_8436	422	0.57648031576032	0.0406092584506491	0.278130946549941	0.0195072293200151	0.0852722499190754
ENSG00000169045_HNRPH1	412	0.855238634965319	0.0623361762025492	0.069971289681708	0.00509266870786284	0.00736123044256034
ENSG00000169131_ZNF354A	454	0.919067590649485	0.0266758179897407	0.0497626088907993	0.0014413006072436	0.00305268186273118
ENSG00000171421_MRPL36	507	0.107521360555811	0.00321061370707384	0.835061531904939	0.0249058376896228	0.0293006561425533
ENSG00000205464_ILMN_15537	324	0.717826699063345	0.0364302129870519	0.201939923856863	0.0102150058914405	0.0335881582013001
ENSG00000205550_ILMN_31744	162	0.970058279547946	0.0104920497354561	0.0181264967381593	0.000194926060690367	0.00112824791774843
ENSG00000009844_VTA1	278	0.934317242480369	0.034000726226521	0.027048606168259	0.000980672711488461	0.00365275241336273
ENSG00000010017_RANBP9	374	0.73297869401014	0.0188508110433866	0.230398286439327	0.00591354489570093	0.0118586636114452
ENSG00000030110_BAK1	872	0.000209617719536734	0.791793703202237	3.78519038754847e-05	0.142913798597154	0.0650450285771968
ENSG00000031691_CENPQ	261	0.155215235694749	0.00212851815123845	0.807974397585927	0.0110563961917604	0.0236254523763261
ENSG00000047932_GOPC	375	0.934443974017902	0.0232406356660404	0.0389339708199038	0.000965914599440068	0.00241550489671364
ENSG00000048544_MRPS10	411	0.138878294881789	0.00501536000539716	0.797781174618208	0.0287810039442588	0.0295441665503468
ENSG00000051620_HEBP2	438	0.910971353405232	0.0350512704626463	0.0480083961489041	0.001843083976843	0.00412589600637475
ENSG00000071242_RPS6KA2	673	0.78049180379054	0.0641969604231871	0.135105491501254	0.0111035858271663	0.0091021584578529
ENSG00000111801_BTN3A3	385	0.00846172979330281	0.000624782452482305	0.776219430732837	0.0571555986239895	0.157538458397388
ENSG00000111850_C6orf162	360	0.449833424176975	0.0100259894720588	0.511150783483609	0.0113750299226283	0.0176147729447291
ENSG00000112096_SOD2	472	0.827665674008742	0.0334209284933417	0.126252049329022	0.00509045460787897	0.00757089356101569
ENSG00000112242_E2F3	568	0.891859021695421	0.0455935149196908	0.0550884186505996	0.0028115763703248	0.00464746836396394
ENSG00000112297_AIM1	441	0.0984224997263552	0.00460568731972052	0.826869373648479	0.0386619660126866	0.0314404732927584
ENSG00000112584_FAM120B	272	0.809002440562723	0.0304623096078815	0.147449065161514	0.00554452945005407	0.0075416552178277
ENSG00000124532_MRS2L	575	0.885052078706111	0.0449332973012592	0.0618394007549135	0.00313448997448273	0.0050407332632335
ENSG00000124587_PEX6	362	1.83999449368885e-06	5.38411305989348e-08	0.922206544689252	0.026934355620659	0.0508572058544649
ENSG00000124588_NQO2	516	0.83760573484642	0.0270703690121102	0.124177538256897	0.00400612238171881	0.00714023550285416
ENSG00000124596_C6orf130	467	0.903176912674286	0.0449666892723568	0.0450761310800554	0.00223967574272686	0.00454059123057456
ENSG00000124688_MAD2L1BP	409	0.0392361674762554	0.00139175193129837	0.877126670862899	0.031061506675237	0.0511839030543102
ENSG00000124762_CDKN1A	473	0.263580788573993	0.00792417479396903	0.677094035936195	0.0203247756628833	0.0310762250329602
ENSG00000130023_C6orf70	422	0.275966195813524	0.012808662183099	0.658721531391626	0.0305518710558646	0.0219517395558862
ENSG00000130340_SNX9	336	0.931623832362348	0.0324759486484826	0.0317990644699826	0.00110550409907457	0.00299565042011178
ENSG00000130348_QRSL1	461	0.0947605854283169	0.00480702452402021	0.817470586673357	0.0414271956670399	0.0415346077072665
ENSG00000135541_AHI1	316	0.804222825759247	0.0195991441322113	0.132672882725317	0.00319296455053359	0.040312182832691
ENSG00000145979_TBC1D7	367	0.928768903547412	0.021928471401488	0.0440807836039964	0.00103657330907468	0.00418526813802906
ENSG00000145996_CDKAL1	560	0.887209070697362	0.0450786457640634	0.0595364215697956	0.00301985957357859	0.00515600239520088
ENSG00000146085_MUT	259	0.101478165781969	0.00138162399106744	0.857609241341314	0.0116484568627359	0.0278825120229137
ENSG00000146223_RPL7L1	360	0.882258199354859	0.0236433736221606	0.0869953914089107	0.00232658702753762	0.00477644858653233
ENSG00000146243_IRAK1BP1	386	0.906908169138563	0.0215594624398275	0.0663749177520789	0.00157431371624392	0.0035831369532868
ENSG00000146281_ACY1L2	450	0.322374041814319	0.0123463231149233	0.619964881508471	0.023721903070987	0.0215928504912997
ENSG00000146453_PNLDC1	469	0.918262870051156	0.0367252494675505	0.0401133683122533	0.00160100721682006	0.00329750495222014
ENSG00000164414_SLC35A1	372	0.699146223243359	0.0162585320119296	0.268792132396282	0.00624115548081868	0.00956195686761079
ENSG00000164484_KIAA1913	519	0.0303223127359463	0.00218586948877269	0.873931736604973	0.0629692447945764	0.0305908363757311
ENSG00000168405_CMAH	611	0.308455409086975	0.0170745343022633	0.616638658996718	0.0341102821309062	0.0237211154831373
ENSG00000180992_MRPL14	421	0.755917632393985	0.0262403306133483	0.202347995340977	0.00701567091372811	0.00847837073796169
ENSG00000186470_BTN3A2	415	0.000856572908042801	6.42603363263818e-05	0.799541854409525	0.0598421557622965	0.139695156583809
ENSG00000188820_FAM26F	355	0.709302281774236	0.0187702915505356	0.250137712020673	0.00660421768705662	0.0151854969674994
ENSG00000196126_HLA-DRB1	1205	1.24510806922107e-09	4.71846121551561e-06	0.000258332670543025	0.978956640842201	0.020780306780934
ENSG00000196306_ILMN_5683	1114	0.0425412644140835	0.0112659956002089	0.710977908923398	0.188237835505808	0.0469769955565009
ENSG00000197498_BXDC1	352	0.936850074342346	0.0194687802181091	0.0405341544402317	0.000840037585735584	0.00230695341357807
ENSG00000198502_HLA-DRB5	1248	5.79059566490862e-08	0.000219441663428551	0.00026335803097383	0.998025788367579	0.00149135403206068
ENSG00000204261_PSMB9	1170	3.05592036727091e-09	1.15806167507544e-05	0.000263794032578882	0.999665254280266	5.9368014485865e-05
ENSG00000005075_POLR2J	240	0.944986064802868	0.0163977802691817	0.0353883670436671	0.000611456922052626	0.00261633096223085
ENSG00000064419_TNPO3	280	0.0319272256245946	0.000825265859463039	0.860084374628034	0.0221467390035977	0.0850163948843102
ENSG00000105778_KIAA0241	430	0.865666057103751	0.0223721864560591	0.104386469654662	0.00269287100014178	0.00488241578538624
ENSG00000105829_BET1	321	0.884206563584913	0.0172842251098156	0.0924263485751695	0.00180244425497059	0.0042804184751316
ENSG00000105928_DFNA5	570	0.836746129092321	0.0346246026613771	0.116659197528147	0.00482021440719496	0.00714985631096065
ENSG00000105971_CAV2	298	0.140907037820847	0.00255710583035678	0.721936062715448	0.0129796908300234	0.121620102803325
ENSG00000106121_ILMN_22269	439	0.000340920335393439	1.15499220664025e-05	0.595561378741867	0.0197925242280187	0.384293626772654
ENSG00000106153_CHCHD2	265	0.001500739887243	2.93230899830025e-05	0.943365775854721	0.0183957993414846	0.036708361826569
ENSG00000106392_C1GALT1	516	0.895652004814949	0.0497900486838966	0.0466402484855397	0.00258744040581751	0.00533025760979728
ENSG00000106591_MRPL32	426	0.860597136235275	0.032033411753732	0.0980459621522948	0.00364381733853734	0.00567967252016059
ENSG00000106610_ILMN_35010	310	0.900979570680232	0.0180701958724176	0.0729098625912962	0.00145570764721623	0.00658466320883781
ENSG00000126870_WDR60	258	0.799603967993077	0.01449803650841	0.17493520755307	0.0031640427253473	0.00779874522009586
ENSG00000127952_STYXL1	146	0.946246972106662	0.012927194191103	0.0366916496979155	0.000497628013216326	0.00363655599110339
ENSG00000128534_LSM8	302	0.502056400163811	0.0116972097454136	0.449693937292481	0.0104511365080552	0.0261013162902393
ENSG00000128578_FAM40B	306	0.916902198308449	0.0250135066395174	0.050530297964572	0.00137230769144024	0.00618168939602142
ENSG00000128604_IRF5	277	5.53184198449975e-07	1.42140459773193e-08	0.872634091241816	0.0223172501759077	0.105048091184032
ENSG00000136240_KDELR2	306	0.931959240170473	0.0371875618645564	0.0263778373114774	0.00104911705936657	0.00342624359412641
ENSG00000146535_GNA12	504	0.625617329230079	0.175402964464932	0.131732149474432	0.0369031106446262	0.0303444461859304
ENSG00000154710_RABGEF1	218	0.9591471080775	0.0122668740396803	0.0266612345469191	0.000339394637384203	0.00158538869851587
ENSG00000158604_TMED4	282	0.939466225533891	0.0159288020164577	0.0412480248144279	0.000696706700613042	0.00266024093461035
ENSG00000160916_ATP5J2	215	0.931947861973981	0.0246907769587354	0.0391231668147163	0.00103331381890161	0.0032048804336659
ENSG00000161036_ILMN_12314	241	0.955099019265654	0.0169919488806128	0.0255900441205007	0.000453401053508534	0.00186558667972435
ENSG00000168090_COPS6	212	0.939996739573792	0.0271822941018777	0.0285796542367586	0.000823031997967518	0.00341828008960422
ENSG00000169193_CCDC126	453	0.402275669276947	0.0132485202997414	0.517527928960376	0.0169942769969984	0.049953604465937
ENSG00000170356_ILMN_115008	275	0.932615635571477	0.0192095956739905	0.04401118638212	0.000903262220632244	0.00326032015178015
ENSG00000174353_ILMN_28376	123	0.972673712249068	0.0119214834561356	0.0139556191957982	0.000169766309359159	0.00127941878963944
ENSG00000178381_ZFAND2A	209	0.818388964016904	0.00888084222462591	0.164596020253112	0.00177977830078695	0.00635439520457139
ENSG00000188191_PRKAR1B	149	0.968657895204116	0.00765349356442347	0.0224687374216664	0.000176485063877915	0.00104338874591656
ENSG00000188372_ZP3	211	2.73552320148859e-05	4.94121369966633e-07	0.944958943804554	0.0170309428916045	0.0379822639504561
ENSG00000188707_C7orf29	363	0.90283991597657	0.0262946368619244	0.0644972506455942	0.00187394704927012	0.00449424946664119
ENSG00000189077_TMEM120A	146	0.692630856492401	0.00946240658999751	0.281689045403453	0.00383592538705703	0.0123817661270915
ENSG00000196313_ILMN_19309	183	0.956486120081992	0.0226709822446062	0.0181721157506852	0.000428479801295404	0.00224230212142105
ENSG00000196511_TPK1	270	0.925379831943449	0.0148458948601189	0.0559812928288786	0.000895211698148811	0.00289776866940458
ENSG00000196937_FAM3C	281	0.927353626138614	0.0215529195466671	0.0451022091260465	0.00104328677888052	0.00494795840979228
ENSG00000197448_GSTK1	228	0.959232253109914	0.0186432551030734	0.0199843786893625	0.000386654947399389	0.00175345815025111
ENSG00000213214_ILMN_28207	273	0.930301152133571	0.0191447219399725	0.0458953390038951	0.000940764849473645	0.00371802207308775
ENSG00000214253_FIS1	294	0.933391965059629	0.0342132836814035	0.0277512151612247	0.00101358492999312	0.00362995116774932
ENSG00000036448_MYOM2	718	0.822116078380206	0.0401538320077922	0.123119980953304	0.00600482659454147	0.00860528206415599
ENSG00000066827_ZFAT1	557	0.904388052072773	0.0384709829539448	0.0509677504534988	0.00216406400614023	0.0040091505136428
ENSG00000070718_AP3M2	247	0.860479968108708	0.022389677632418	0.108961808064496	0.00282984613541332	0.00533870005896446
ENSG00000104427_C8orf70	284	0.0150831952415212	0.000607224985333158	0.909130410411809	0.0365614986367644	0.0386176707245723
ENSG00000104497_SNX16	355	0.545840400987883	0.0126009813266526	0.402812058613443	0.00926962811797983	0.0294769309540413
ENSG00000104518_GSDMDC1	264	0.955357120050939	0.0161622927201891	0.0262923236904364	0.000443056242193284	0.00174520729624191
ENSG00000104687_GSR	301	0.915007340043652	0.0253400025779096	0.0542915237037923	0.00149967549765453	0.00386145817699182
ENSG00000104723_TUSC3	871	0.844535234078352	0.0546614734253749	0.0885783694050088	0.00572662447699005	0.00649829861427373
ENSG00000104763_ASAH1	801	0.835452895637517	0.0472931089488022	0.103171496107755	0.00583205585186578	0.00825044345406057
ENSG00000136982_ILMN_3628	388	0.808617376058933	0.0219732720360275	0.158157253819348	0.0042907850197934	0.00696131306589743
ENSG00000147421_HMBOX1	412	0.202524004521637	0.00765069668129465	0.736567503393671	0.0277996610018409	0.0254581344015561
ENSG00000147454_SLC25A37	500	0.887751743222877	0.0312796662659481	0.0733615647317544	0.00257984553791989	0.00502718024150076
ENSG00000147592_LACTB2	406	0.928741636987766	0.0206723700823902	0.0470634927105992	0.00104508403679481	0.00247741618244953
ENSG00000147647_DPYS	361	0.933761940633182	0.0294917734897142	0.0329594093210947	0.0010382355668201	0.00274864098918932
ENSG00000147813_NAPRT1	263	0.594824449945754	0.00995341022816804	0.372575931122064	0.00621801809676001	0.0164281906072541
ENSG00000154319_C8orf13	496	0.629990203817647	0.0279317493239646	0.260565184270484	0.0114825960528775	0.0700302665350264
ENSG00000156795_C8orf32	455	0.0472814748226626	0.00179836115458225	0.874545364132824	0.0332203682625214	0.0431544316274093
ENSG00000160959_LRRC14	148	0.971017643493206	0.0095062893687032	0.0175469297788023	0.000170025812370148	0.00175911154691849
ENSG00000161016_RPL8	116	0.00948623063736742	7.67939552823714e-05	0.954260147059681	0.00769654917271145	0.0284802791749574
ENSG00000172728_FUT10	267	0.515167056364308	0.00880689794641246	0.413491249709429	0.00701320532605786	0.055521590653792
ENSG00000173566_NUDT18	478	0.806821473161039	0.0603093948741311	0.11547851530449	0.00862317855074837	0.00876743810959173
ENSG00000176209_C8orf40	213	0.0429925516088369	0.000874113182256563	0.861917538451333	0.0174475110181104	0.0767682857394634
ENSG00000205038_PKHD1L1	260	0.00186681451958932	6.81376962290326e-05	0.926775294468807	0.0337892845837972	0.0375004687315775
ENSG00000215374_ILMN_41203	350	0.944768921670893	0.0209591851534163	0.0315369784515765	0.000697593408892207	0.00203732131522177
ENSG00000054179_ENTPD2	185	0.961385157097045	0.0165270996167216	0.0198767687582002	0.000339828884672536	0.00187114564336094
ENSG00000070214_SLC44A1	515	0.908141815356507	0.0266942774970494	0.0600228574696526	0.00176095537221257	0.00338009430457887
ENSG00000090054_SPTLC1	287	0.953522789369988	0.0135611444603179	0.0309587401075116	0.000438781311306886	0.00151854475087559
ENSG00000106733_C9orf95	460	0.00783574694476138	0.00028503137280857	0.926150956972667	0.03365738854038	0.032070876169383
ENSG00000106789_CORO2A	460	0.92490005788651	0.0232772325813124	0.0480990648266302	0.00120800771563212	0.00251563698991551
ENSG00000119314_ROD1	427	0.854576113131643	0.0248242576372834	0.1066001615496	0.00308567389901636	0.0109137937824576
ENSG00000119383_PPP2R4	331	0.945928825879155	0.0183810012605746	0.0331513968750493	0.000642291377183516	0.0018964846080378
ENSG00000119431_HDHD3	564	0.87244190185245	0.0551533417058446	0.0622183764313193	0.00392701271467701	0.00625936729570918
ENSG00000130560_UBAC1	474	0.903717803533176	0.0425922937488802	0.0467815794940432	0.00220011144326751	0.0047082117806327
ENSG00000130653_PNPLA7	153	0.970050835653469	0.00986476771702531	0.018749398112875	0.00018952335416022	0.00114547516247018
ENSG00000130956_HABP4	294	0.895363316051185	0.0322187192552066	0.0644879553299407	0.00231491702112511	0.00561509234254254
ENSG00000131669_NINJ1	316	0.951201597917626	0.0155558861992406	0.0311554436422777	0.000507934867699087	0.00157913737315605
ENSG00000136861_CDK5RAP2	329	0.768564366138246	0.0273356713105398	0.187417967903432	0.00665590352260346	0.010026091125179
ENSG00000136872_ALDOB	517	0.907424025004122	0.0351940753110303	0.0509919536926136	0.00197328572479588	0.00441666026743865
ENSG00000137054_POLR1E	449	0.836692982363427	0.0245603549768599	0.126741064597763	0.00371207416446699	0.00829352389748307
ENSG00000148290_SURF1	520	0.747724801394381	0.069525738666607	0.156314578078868	0.0145226953121274	0.0119121865480163
ENSG00000148296_SURF6	523	0.808108953729749	0.075144728061332	0.0986010236727731	0.00915976216713655	0.00898553236900957
ENSG00000148384_INPP5E	298	0.415099069991515	0.0142311887148056	0.534361220863926	0.0183019462412777	0.018006574188476
ENSG00000156052_GNAQ	400	0.938034961072287	0.0218454163672877	0.0371375415430935	0.000862757884576992	0.00211932313275498
ENSG00000157653_C9orf43	567	0.877308239969793	0.0556586727313543	0.0566331150224237	0.0035861354496164	0.00681383682681233
ENSG00000159884_CCDC107	311	0.899775024604059	0.0507278591351338	0.0420743331485087	0.00236702702772179	0.00505575608457698
ENSG00000164978_NUDT2	295	0.53784763677702	0.0305565571147883	0.377564083461106	0.0214178075274774	0.0326139151196085
ENSG00000165029_ABCA1	525	0.862432072234179	0.0251834097997839	0.10431038293861	0.00304087749240997	0.00503325753501691
ENSG00000175768_C9orf105	448	0.166423480460199	0.00486538871233991	0.757836913348584	0.0221065866124462	0.0487676308664303
ENSG00000196152_ZNF79	332	0.301453762805675	0.00799168390821985	0.632991552733483	0.0167400868979778	0.0408229136546452
ENSG00000204001_LCN8	216	0.947896525152065	0.0180184255191886	0.0301962107002267	0.000570677162946525	0.00331816146557288
