gene	nsnps	PP.H0.abf	PP.H1.abf	PP.H2.abf	PP.H3.abf	PP.H4.abf
ENSG00000055950_MRPL43	3589	0.000858647139935	8.28922875777884e-05	0.906985571568076	0.0875542762992733	0.00451861270513813
ENSG00000067057_PFKP	7684	0.273211866848918	0.0720076087839694	0.508094643923178	0.133900432769462	0.0127854476744726
ENSG00000078114_NEBL	5628	0.524656236719034	0.0651354080937158	0.357947731539848	0.0444309283682289	0.00782969527917299
ENSG00000089876_DHX32	5454	0.106431276942801	0.0151428072975186	0.764392508235436	0.108750797222292	0.00528261030195282
ENSG00000095787_WAC	6420	0.526914023113161	0.0690468268291026	0.351184418078013	0.0460123726101742	0.00684235936954869
ENSG00000107951_PAPD1	6036	0.4372757078919	0.0668661575209355	0.423766929003111	0.0647931601448657	0.00729804543918789
ENSG00000119979_FAM45A	5195	0.199940037652333	0.0164031775711391	0.712205571662205	0.0584166556451696	0.0130345574691524
ENSG00000120616_EPC1	4962	0.561440154903946	0.0467525475237831	0.35694368582996	0.0297184620581661	0.00514514968414496
ENSG00000127884_ECHS1	3999	0.632501702378714	0.0484256657431073	0.291074787963553	0.0222795820545794	0.00571826186004566
ENSG00000134463_ECHDC3	5959	0.0046086252444622	0.501629450219223	0.00381923788816188	0.41563365168438	0.0743090349637728
ENSG00000138185_ENTPD1	5434	0.0420016081414825	0.00345005784005551	0.877655179956283	0.0720867459980678	0.00480640806411119
ENSG00000148484_RSU1	5656	0.452539060639702	0.0631080321882438	0.41721720437467	0.0581733229812452	0.00896237981613915
ENSG00000151640_DPYSL4	6924	0.184512542687693	0.0188417052787221	0.716348336709689	0.0731435601319447	0.00715385519195093
ENSG00000151893_C10orf46	4882	0.556315990940635	0.0437446113133258	0.365686752285069	0.0287494222177727	0.00550322324319734
ENSG00000156398_SFXN2	3308	0.439247852291323	0.0623919373747354	0.40249548519149	0.0571328011288692	0.0387319240135825
ENSG00000165730_STOX1	5833	0.0678631412271405	0.152182038001097	0.235848523592541	0.528871408594825	0.0152348885843958
ENSG00000165983_PTER	5715	2.05855778473586e-09	2.83328644123005e-10	0.867408089112421	0.119372089455132	0.0132198190905599
ENSG00000166169_POLL	3256	0.271839464132374	0.0210602211350291	0.650657157907192	0.0504023267421183	0.00604083008328684
ENSG00000173915_USMG5	3971	8.53059214605699e-10	1.22159993239048e-10	0.850889144546249	0.121821945429266	0.0272889090492645
ENSG00000183605_SFXN4	5234	0.595617179414915	0.0489677806512567	0.323424513833425	0.026584459366953	0.00540606673344953
ENSG00000188690_UROS	5369	0.0106764140822805	0.00161121128698131	0.854469942588234	0.128946455209314	0.00429597683318975
ENSG00000197771_C10orf119	5564	0.126245295842358	0.0147871965273176	0.762069005009501	0.0892540113134701	0.00764449130735386
ENSG00000205703_C10orf139	6021	0.544526882291773	0.0796367473818821	0.321465894510512	0.0470068409261019	0.00736363488973057
ENSG00000014138_POLA2	3060	0.0373318750375534	0.553667601442408	0.0229268693219271	0.339981424021972	0.0460922301761399
ENSG00000066336_SPI1	2806	0.0621891686402156	0.0540548094106379	0.395971057158721	0.344034190414603	0.143750774375822
ENSG00000074319_TSG101	5310	0.00521169314410325	0.000772476791929935	0.861709968794002	0.127718003219896	0.0045878580500686
ENSG00000078124_PHCA	4357	0.000836247353020294	5.12295590894067e-05	0.93650364829973	0.0573661424382428	0.00524273234991738
ENSG00000099834_MUPCDH	4876	0.387014623984004	0.150478292710644	0.320047399009865	0.124422185699474	0.0180374985960125
ENSG00000110074_FOXRED1	5866	0.012023536162078	0.00154806030576542	0.867654676149977	0.111705638152375	0.007068089229805
ENSG00000110076_NRXN2	2898	0.0552556539459383	0.690528977458284	0.014806296822232	0.184979612751445	0.0544294590221012
ENSG00000110080_ST3GAL4	5874	0.544543331277493	0.0701372219383074	0.333483903620764	0.042943860132386	0.00889168303105036
ENSG00000110315_RNF141	6441	0.510656963543749	0.064980901863612	0.369993458407274	0.04707423058462	0.00729444560074471
ENSG00000110455_ILMN_3829	5445	0.000295602080974588	0.444105045199735	0.000345774510493123	0.519447020170322	0.0358065580384749
ENSG00000110768_GTF2H1	5310	0.00265363429684777	0.150379595443543	0.0144762980874786	0.82034952399606	0.012140948176071
ENSG00000120451_SNX19	5358	0.246771945535091	0.0309947035116953	0.618832606068822	0.0777000436368398	0.0257007012475522
ENSG00000131626_PPFIA1	5190	0.0108320076048929	0.00125091221527875	0.881581637279297	0.101803117656462	0.00453232524406934
ENSG00000134627_PIWIL4	4487	0.627432715432783	0.0449729791548513	0.301038964750653	0.0215728197733236	0.00498252088838952
ENSG00000134809_TIMM10	5106	0.00555945176657352	0.00107740740491939	0.825150742023173	0.159903775689909	0.00830862311542441
ENSG00000149084_HSD17B12	6043	1.7827998752466e-09	2.67843791047364e-06	5.03151852370707e-05	0.0746671079437588	0.925279896650295
ENSG00000149089_APIP	5579	1.43362239326329e-06	3.29037346788719e-06	0.0443087675895877	0.10084026814735	0.854846240267201
ENSG00000159063_ALG8	4062	0.206507475558148	0.0127612726049938	0.730756559955515	0.0451527862840103	0.00482190559733264
ENSG00000165434_PGM2L1	4123	0.643159772661345	0.0330124955424977	0.304354092662156	0.0156182163460583	0.00385542278794332
ENSG00000165526_RPUSD4	5849	0.459732861825802	0.060099987925319	0.41785642848293	0.0546178699295702	0.00769285183637877
ENSG00000166435_XRRA1	4185	0.00104601096489607	9.4652200899496e-05	0.910225936343054	0.0823589119980891	0.00627448849306133
ENSG00000166439_RNF169	4302	0.0114766907178797	0.00105170725935096	0.899439069643501	0.0824176744107966	0.00561485796847152
ENSG00000166788_SAAL1	5124	0.00683580892522482	0.390123656959469	0.00952738698106353	0.543683778603592	0.0498293685306507
ENSG00000166796_LDHC	5287	0.0747496816141101	0.0114140149994827	0.78307021933108	0.119560879064677	0.0112052049906502
ENSG00000168000_BSCL2	4337	0.360001684540025	0.295532634687714	0.170969292473844	0.140318958755731	0.0331774295426864
ENSG00000168002_POLR2G	4262	0.377751309329536	0.309656522509176	0.158199833226558	0.129657436966412	0.0247348979683184
ENSG00000168071_CCDC88B	3065	0.38439241950985	0.0256959153546276	0.545073166779367	0.0364287134380139	0.00840978491814132
ENSG00000172890_NADSYN1	5140	0.232510521029428	0.016062611689267	0.698198155524257	0.0482288856974655	0.00499982605958252
ENSG00000173113_ILMN_22312	3100	0.638648551292977	0.0426323512678743	0.293500434537056	0.0195866987428079	0.00563196415928463
ENSG00000173715_C11orf80	2788	0.198305806485697	0.477948126266179	0.0813047197766959	0.195910608199427	0.0465307392720003
ENSG00000173992_CCS	2552	0.0274134261679605	0.387005058367409	0.0364586045040719	0.514664590154329	0.0344583208062298
ENSG00000175390_EIF3F	6395	0.542421524369613	0.0650107772971494	0.344770577967926	0.0413152619439305	0.00648185842138106
ENSG00000175567_UCP2	3862	0.00930147066665364	0.330140110679822	0.0168176470869866	0.596867321051746	0.0468734505147916
ENSG00000175575_PAAF1	3825	0.00629060073842516	0.355319003344081	0.0105491857905369	0.595829391097392	0.0320118190295654
ENSG00000175581_MRPL48	3791	0.00568786788521709	0.505236837067245	0.004964617237731	0.440949414700177	0.0431612631096293
ENSG00000176148_TCP11L1	4740	0.0567679186492182	0.0133763711686714	0.721924977044491	0.170071185819535	0.0378595473180848
ENSG00000177042_TMEM80	5410	0.392712004512606	0.160923347917934	0.30454969930574	0.124779651987334	0.017035296276386
ENSG00000177685_EFCAB4A	5786	0.386819131095469	0.177580933763319	0.281044306848759	0.128996266155458	0.0255593621369941
ENSG00000177697_CD151	5803	0.000205337886219811	9.43258379516126e-05	0.681607155487362	0.313104136986335	0.00498904380213273
ENSG00000179057_IGSF22	5129	0.568973037714581	0.0634062894723655	0.325028690474118	0.0362147824490917	0.00637719988984413
ENSG00000182919_C11orf54	4994	0.0100666258917709	0.143106579285731	0.0548147516690565	0.779230600609424	0.012781442544018
ENSG00000184524_CEND1	5694	0.324126034059183	0.14834518306601	0.349534598464529	0.159956072414581	0.0180381119956969
ENSG00000185187_SIGIRR	4167	0.459525978048341	0.171739465248972	0.255066078455017	0.0953079409333044	0.0183605373143652
ENSG00000196655_TRAPPC4	4524	0.000146625660431946	2.55818515456185e-05	0.846475220675326	0.147679277406371	0.00567329440632548
ENSG00000197345_MRPL21	4618	0.000503137635033228	6.11707704260636e-05	0.883902420708683	0.107455543141408	0.00807772774444981
ENSG00000202477_SNORD25	4301	0.498885603940032	0.116235252148955	0.303469046529375	0.0706944738310341	0.010715623550604
ENSG00000205339_IPO7	5091	0.346624401566877	0.0372195411223716	0.547614278287939	0.058791511437596	0.00975026758521709
ENSG00000213931_HBE1	8744	0.464794970757738	0.0705292099548948	0.397472051186593	0.060306556058849	0.00689721204192428
ENSG00000010626_LRRC23	5303	0.000265206442508932	5.36504743707741e-05	0.823467151868317	0.16657531645882	0.00963867475598311
ENSG00000076067_RBMS2	2705	0.255533604531491	0.0513284543905834	0.567899041965405	0.114061412407769	0.011177486704752
ENSG00000089127_OAS1	4072	0.00201125322735331	0.000290308014768432	0.867533361153242	0.125216422974046	0.0049486546305902
ENSG00000089163_SIRT4	4849	0.0013154251165391	0.524203712251077	0.00100834234882394	0.401757926506714	0.0717145937768455
ENSG00000110906_KCTD10	3859	1.5859877455918e-05	1.15227290790445e-06	0.926749574412912	0.0673255346229379	0.00590787881378623
ENSG00000110931_CAMKK2	4925	0.000812192141167295	0.323895967776679	0.00162066492533778	0.646281294761104	0.0273898803957112
ENSG00000111321_LTBR	4964	0.537265787831888	0.100444039164218	0.296757903312832	0.0554700430354573	0.0100622266556046
ENSG00000111358_GTF2H3	4693	0.230865849226991	0.397851585443245	0.119566664594034	0.206003763062644	0.0457121376730856
ENSG00000111364_DDX55	4628	0.118359216737114	0.203918130463295	0.235324912719138	0.40539839957488	0.0369993405055727
ENSG00000111371_SLC38A1	3742	0.00843917972784784	0.00436404614501891	0.647657273935517	0.334910175284016	0.00462932490760032
ENSG00000111581_NUP107	5092	0.493684172635589	0.061725872622726	0.388481022106387	0.0485646632593135	0.00754426937598374
ENSG00000111666_CHPT1	4667	0.0369113395368209	0.00344962594574783	0.871163328772326	0.0814093129537025	0.00706639279140324
ENSG00000111711_GOLT1B	5624	0.184834474569378	0.421450201545517	0.108734371613073	0.24789351608363	0.0370874361884022
ENSG00000111725_PRKAB1	4668	0.0112269344607503	0.62779547795795	0.00537511636220987	0.300514382365474	0.0550880888536162
ENSG00000111780_ILMN_16367	4828	0.00110002745011916	0.438371473724996	0.00130371217177526	0.519502063249687	0.039722723403423
ENSG00000123297_TSFM	3935	0.213555337374797	0.0249190474325733	0.673864154539223	0.0786218812699663	0.00903957938344084
ENSG00000123427_FAM119B	3939	0.00151264108993797	0.000176774597958443	0.884909293509313	0.10340480933755	0.00999648146524084
ENSG00000127337_YEATS4	5353	0.101738998494645	0.0123407927791572	0.784465176703724	0.0951481799367257	0.00630685208574746
ENSG00000134545_KLRC1	5983	0.583913645174911	0.0399207609679896	0.348309367533085	0.0238090202210759	0.00404720610293765
ENSG00000135426_KIAA0748	4461	0.454225055652804	0.122922999043847	0.31924909346837	0.0863783971050761	0.0172244547299031
ENSG00000136026_CKAP4	4630	0.64428511554298	0.0471776797076492	0.283376403097265	0.0207457790444421	0.00441502260766391
ENSG00000136048_ILMN_20048	4586	0.591389416909659	0.0810500605469261	0.280505301004201	0.0384346978382121	0.00862052370100263
ENSG00000139187_KLRG1	5551	0.278976269661346	0.0196569264460126	0.650739880016489	0.0458469549205353	0.00477996895561675
ENSG00000139190_VAMP1	4901	0.143355934355429	0.0268628087075115	0.6906669403805	0.129411195870797	0.00970312068576194
ENSG00000139192_TAPBPL	4914	0.0309289723943009	0.00579186667312981	0.802097611394678	0.150192592487831	0.0109889570500603
ENSG00000139197_PEX5	5062	0.0525192403950708	0.0102349069712287	0.778007457135195	0.151609833663461	0.00762856183504488
ENSG00000150045_KLRF1	5781	0.587219882993156	0.0427861300280487	0.340957365722743	0.0248387043865668	0.00419791686948544
ENSG00000155957_TMBIM4	4036	0.0182776154187367	0.613925511477304	0.00907523397488901	0.304773433932328	0.0539482051967425
ENSG00000157895_C12orf43	4738	0.00107613826342046	0.429155967544216	0.00133355245758224	0.531774181120722	0.0366601606140596
ENSG00000165714_LOH12CR1	5264	0.481987627571802	0.0508702522452031	0.412740153757596	0.0435508391159636	0.0108511273094353
ENSG00000166888_STAT6	2986	0.214738129117212	0.0138435868989169	0.72020772912995	0.0464250605906857	0.00478549426323576
ENSG00000166896_XRCC6BP1	3979	0.313869188405345	0.0361712454417992	0.577080944181189	0.066498192950146	0.00638042902152055
ENSG00000171840_NINJ2	4406	0.639953283121798	0.0609348550942728	0.267851628738037	0.0254984439308686	0.0057617891150236
ENSG00000176422_SPRYD4	2842	0.00314514864019858	0.00064074834602296	0.823616587074529	0.167787248645304	0.00481026729394558
ENSG00000177627_C12orf54	4853	0.38966716898173	0.0514761396723416	0.487388099134042	0.064378261741203	0.00709033047068343
ENSG00000184752_NDUFA12	6819	0.26324227298972	0.04750703899166	0.571484541996084	0.1031205313894	0.0146456146331357
ENSG00000185163_DDX51	6071	0.428690314000298	0.134932146692221	0.321897042599261	0.101305323410193	0.0131751732980262
ENSG00000185480_C12orf48	4506	0.472646026222057	0.0611275583024905	0.406201834920752	0.0525267984335236	0.0074977821211762
ENSG00000186081_KRT5	5062	0.57956168163473	0.0563914057417905	0.326174361438907	0.0317306539284958	0.00614189725607674
ENSG00000186611_ILMN_34849	5453	0.534203786342165	0.040111480806341	0.391193584240724	0.0293682255012406	0.00512292310952918
ENSG00000032742_IFT88	5626	0.354489522071433	0.0375708533703389	0.5445978564534	0.057714008327205	0.00562775977762314
ENSG00000102796_DHRS12	3680	0.322373826495118	0.0139233795201272	0.632023146205279	0.0272927986134205	0.00438684916605605
ENSG00000122034_GTF3A	6040	0.392133749227304	0.11454476287225	0.371497111343071	0.108503348629729	0.0133210279276472
ENSG00000136111_TBC1D4	5818	0.0140399001640066	0.00526928118940248	0.707401118805145	0.265485209358591	0.00780449048285453
ENSG00000139617_ILMN_28859	4622	0.000838899396161697	0.000400948589720057	0.518227777403675	0.247451799703292	0.233080574907152
ENSG00000151287_C13orf27	5592	0.482531764602739	0.0664440054908778	0.38972212690796	0.053656591829782	0.00764551116864098
ENSG00000169062_UPF3A	2854	0.683695949198207	0.0613309237658477	0.228164318560193	0.0204611253860612	0.00634768308969071
ENSG00000174032_SLC25A30	4296	0.575059974509918	0.0545086713387426	0.332555799892736	0.0315158738285083	0.00635968043009459
ENSG00000089916_C14orf118	4763	0.0395440432598992	0.0190425326485755	0.630387746668874	0.303557323144349	0.00746835427830229
ENSG00000092020_PPP2R3C	5297	0.250610198633148	0.0366261535259401	0.615598733409154	0.0899612566969978	0.00720365773476035
ENSG00000092094_OSGEP	5882	0.0746911421656382	0.00640689102844005	0.840204553108528	0.072064818681331	0.00663259501606206
ENSG00000092203_TOX4	7039	0.39661143130133	0.0433283363760151	0.499707632792488	0.0545854490740837	0.00576715045608321
ENSG00000100439_ABHD4	6335	0.523185304170569	0.0536220622648908	0.378802355728327	0.0388184611655889	0.00557181667062458
ENSG00000100445_C14orf124	5776	0.186727632613996	0.0867926381159628	0.488829295141761	0.227201686487987	0.0104487476402924
ENSG00000100490_CDKL1	4391	0.0703214251649074	0.00638531614779246	0.841464702202297	0.0764011320013198	0.0054274244836837
ENSG00000100744_C14orf129	6047	0.129997964565237	0.0180771836498673	0.743076404706934	0.10332477598933	0.00552367108863167
ENSG00000100814_CCNB1IP1	5618	0.395699774073243	0.0325689618588406	0.523533661820913	0.0430855060463015	0.00511209620070176
ENSG00000100908_C14orf122	5388	0.367917028497229	0.16965069932797	0.301395218212177	0.138954658509016	0.022082395453609
ENSG00000100931_CHMP4A	5468	0.425065605426066	0.196277404387919	0.246564328632081	0.113834770490393	0.018257891063541
ENSG00000119599_WDR21A	5517	0.378628532620471	0.0483435605640125	0.497688652807309	0.0635334356416297	0.0118058183665778
ENSG00000119632_FAM14A	6354	0.558599291311563	0.0518756501388526	0.351762581521413	0.0326621674345155	0.00510030959365647
ENSG00000119684_MLH3	3777	0.00090262075339853	0.000172850251735075	0.834812517784473	0.159860845340422	0.00425116586997147
ENSG00000119718_EIF2B2	3821	0.0048854833305553	0.000934490887805123	0.830934085855953	0.158936019840657	0.0043099200850297
ENSG00000125375_ATP5S	4402	0.585047919314213	0.05334759367566	0.32608523596373	0.0297282908090235	0.00579096023737374
ENSG00000129514_FOXA1	4565	0.663888325498844	0.0359679562668237	0.281550069357053	0.0152503977661698	0.00334325111110942
ENSG00000134007_ADAM20	4979	0.610753668321681	0.0463728255200134	0.314307019693379	0.0238597501469434	0.00470673631798374
ENSG00000139998_RAB15	4653	0.509361010967649	0.0796131851693285	0.347506733387089	0.054306129845769	0.00921294063016445
ENSG00000140092_FBLN5	5305	0.303649169949678	0.227346562511425	0.256737000946224	0.19220267273254	0.0200645938601322
ENSG00000140104_C14orf79	4634	0.602449627932107	0.0464625842145719	0.321182795094376	0.0247653672740991	0.00513962548484631
ENSG00000155465_SLC7A7	6222	0.49726006916581	0.055314188886742	0.397251816661166	0.0441834858224438	0.00599043946383809
ENSG00000157326_DHRS4	5231	0.541864051488969	0.0481630233756387	0.371211180706546	0.032988947418401	0.00577279701044542
ENSG00000165501_PPIL5	4246	0.550127021298226	0.0424717011047111	0.373292746792191	0.0288141916204406	0.00529433918443119
ENSG00000165819_METTL3	6992	0.446774637536009	0.0488231591064888	0.446747598550045	0.0488113610649514	0.00884324374250609
ENSG00000166166_C14orf172	5009	0.374839779533296	0.111304196495454	0.385361247244801	0.114414340256961	0.0140804364694877
ENSG00000177465_ACOT4	5135	0.436807336653458	0.113151840377284	0.347320768577376	0.0899582182001659	0.0127618361917165
ENSG00000182512_GLRX5	6815	0.281435503284065	0.040348299313335	0.587232929147492	0.0841824706888186	0.00680079756628978
ENSG00000183648_NDUFB1	5574	0.244765065467435	0.181234935117633	0.31998404578941	0.236913309244963	0.017102644380559
ENSG00000184990_SIVA1	5003	0.347717181717546	0.0434210873083993	0.533041355572618	0.0665541262325613	0.00926624916887543
ENSG00000187630_DHRS4L2	5287	0.563274689878947	0.0525180412765735	0.346217691134789	0.0322745832692796	0.00571499444041084
ENSG00000197195_CHURC1	4687	4.92716057980424e-09	7.71326323363685e-10	0.8602449933689	0.13466265334086	0.00509234759175328
ENSG00000198805_NP	5895	0.536251311568188	0.046101872622485	0.379884499625721	0.0326538080020384	0.00510850818156761
ENSG00000198894_KIAA1737	6260	0.20600674066794	0.116372721248846	0.424553288487773	0.239815898589802	0.0132513510056377
ENSG00000205659_LIN52	4452	0.000295111163597504	6.98397545058739e-05	0.803590601277118	0.19016846249877	0.00587598530600936
ENSG00000051180_RAD51	3830	0.000492313386478631	0.000137792333274873	0.77688042184547	0.217434016772982	0.00505545566179428
ENSG00000064726_BTBD1	2564	0.64029713739499	0.0799663972578855	0.240919483602856	0.0300795794240379	0.00873740232023058
ENSG00000074696_PTPLAD1	3925	0.0729877301807652	0.00752491679323236	0.828278424004438	0.0853883437054042	0.00582058531615989
ENSG00000103657_HERC1	4371	0.383799596114391	0.229364227683509	0.221655059122362	0.132431541586998	0.0327495754927405
ENSG00000103671_TRIP4	3630	0.353063593683847	0.201095564159576	0.26791125777203	0.152569715041188	0.0253598693433574
ENSG00000103811_CTSH	5683	0.273126236731871	0.0270800633186115	0.630575215879143	0.062513897525796	0.00670458654457878
ENSG00000103932_RPAP1	3948	0.100359699671763	0.0236252201486584	0.49072778386477	0.115249956889198	0.270037339425611
ENSG00000104047_DTWD1	4366	0.136237469712458	0.0103489761291599	0.788507010147992	0.0598921654716142	0.00501437853877625
ENSG00000104055_TGM5	2252	0.127659491996604	0.010872881561957	0.780626386165442	0.0664723302626667	0.0143689100133303
ENSG00000136371_MTHFS	5750	0.410369716089321	0.072478596533675	0.432394301035928	0.0763601330244443	0.00839725331663171
ENSG00000137806_NDUFAF1	3995	0.135146260532094	0.0320889424123505	0.666696415181984	0.158291704114865	0.00777667775870638
ENSG00000140264_SERF2	2118	0.627563276913854	0.0522694984019999	0.287475155578915	0.023934935459459	0.00875713364577199
ENSG00000140400_MAN2C1	3058	0.302271490923637	0.0299802910666443	0.586148701319739	0.0581126894300662	0.0234868272599136
ENSG00000140471_LINS1	7122	0.390961591423541	0.0513505605361047	0.487079814159358	0.0639684977448266	0.00663953613616978
ENSG00000166140_ZFYVE19	3645	0.121323033132889	0.0325697269299251	0.491774064714167	0.131796475563378	0.222536699659641
ENSG00000166762_CATSPER2	2034	0.396468902504653	0.0330153179873879	0.52028345848378	0.0433188649767725	0.00691345604740648
ENSG00000166938_DIS3L	5095	0.116917458517923	0.0156537979917926	0.662804171313517	0.088625260868144	0.115999311308624
ENSG00000168803_ADAL	2198	0.623710334646408	0.0530825833991865	0.285416934069161	0.0242776806791373	0.0135124672061072
ENSG00000168970_PLA2G4B	3646	0.144943982945677	0.0172773467624042	0.661763864676459	0.0787851325504779	0.0972296730649823
ENSG00000169118_CSNK1G1	3633	0.419707080874816	0.239936300431285	0.201433146859493	0.115130623753516	0.0237928480808896
ENSG00000171763_SPATA5L1	3841	0.353090505525493	0.0163259385303169	0.598695339155034	0.0276778233981594	0.00421039339099751
ENSG00000172345_STARD5	4420	0.637356332999686	0.0490499796353192	0.286692076317458	0.0220585456182532	0.00484306542928375
ENSG00000188659_ILMN_4387	2685	0.732969064893517	0.0331749342584783	0.220311703423879	0.00996795810534757	0.00357633931877785
ENSG00000047578_KIAA0556	4543	0.605139789281778	0.0763943018398992	0.275935325291362	0.03482703530374	0.00770354828322098
ENSG00000063854_HAGH	5784	0.106846888398953	0.0179112202330552	0.69776377961942	0.116908683628152	0.0605694281204199
ENSG00000070761_C16orf80	5888	0.435025675785311	0.152585692216095	0.292883508976523	0.102712391874306	0.0167927311477643
ENSG00000086504_MRPL28	4520	0.508239570121366	0.047590882813471	0.400700569722206	0.0375151188363779	0.00595385850657925
ENSG00000090857_ILMN_138245	2884	0.633770876351857	0.125112614250188	0.190871318964242	0.0376673007416192	0.0125778896920942
ENSG00000090857_ILMN_8209	2884	0.590961083073797	0.11666153933908	0.232914421083917	0.0459661043029018	0.0134968522003043
ENSG00000103042_ILMN_16502	5579	0.33712305566155	0.108781965977435	0.405423198450559	0.130803004611028	0.0178687752994277
ENSG00000103111_MON1B	8518	0.0535500126835276	0.00843426124591118	0.804570564624467	0.126715150951832	0.00673001049426304
ENSG00000103126_AXIN1	4262	0.580204011310487	0.0522259717756088	0.331704087315351	0.0298517047227362	0.00601422487581703
ENSG00000103174_NAGPA	7087	0.342360214021663	0.0773744496735848	0.464298713250912	0.104921876634655	0.0110447464191851
ENSG00000103202_DECR2	4594	0.371257374088737	0.0352270384389816	0.536929669609243	0.0509413356812556	0.0056445821817824
ENSG00000103248_MTHFSD	7661	0.462553821228374	0.0803811147495196	0.382061698502427	0.066384834120584	0.00861853139909555
ENSG00000103275_UBE2I	6774	0.0655025356380769	0.0113612666916342	0.781471656087643	0.135538365503166	0.0061261760794796
ENSG00000103540_ILMN_12815	4908	0.240177417427714	0.0680036117090359	0.527670290216008	0.149389318300548	0.0147593623466943
ENSG00000118894_FAM86B1	7286	0.195398502945019	0.0450231313688785	0.611469733990962	0.140885781685008	0.00722285001013259
ENSG00000125124_BBS2	5621	5.78383521757625e-05	8.72498895022644e-06	0.863681003982762	0.130281406341721	0.00597102633439047
ENSG00000125170_DOK4	5714	0.417744107644376	0.145635745404294	0.308172311887981	0.107415322743175	0.0210325123201744
ENSG00000127561_SYNGR3	5414	0.0758557873011049	0.0121396764382505	0.774252987044699	0.123894694865799	0.0138568543501466
ENSG00000127586_CHTF18	5646	0.39652725177109	0.0536784325636526	0.478116997458902	0.0647163863059068	0.00696093190044774
ENSG00000129925_TMEM8	4538	0.185737031177516	0.017452171491791	0.723583356009749	0.0679838953868324	0.00524354593411087
ENSG00000130731_C16orf13	5390	0.529348975529974	0.0664877574601833	0.352354967228838	0.0442492406778697	0.00755905910313524
ENSG00000131148_COX4NB	8306	0.348160294792085	0.174392178907778	0.3067254778949	0.153620533841198	0.0171015145640393
ENSG00000132603_NIP7	3577	0.082780741408544	0.0175596512396846	0.542696864343615	0.114876085813785	0.242086657194371
ENSG00000135698_MPHOSPH6	8943	0.00499307292550219	0.146221351656877	0.027635746210259	0.80929660776084	0.0118532214465218
ENSG00000140829_DHX38	3609	0.0816358812292675	0.00564945036455415	0.825091413165907	0.0570682711044776	0.0305549841357941
ENSG00000141076_CIRH1A	3782	0.449607336764275	0.205664305130209	0.215436642231418	0.0985166099144496	0.0307751059596487
ENSG00000153406_NMRAL1	5628	0.5272987342505	0.0710407567322727	0.346909167840941	0.0467296019264191	0.00802173924986726
ENSG00000155393_HEATR3	4173	0.271603629176591	0.0201390334355994	0.652508023635769	0.0483751933174019	0.00737412043463798
ENSG00000159461_AMFR	5785	0.00010479769407449	1.86155571973229e-05	0.832414329221151	0.147844862776664	0.0196173947509124
ENSG00000161981_C16orf33	3427	0.261509621782228	0.0175636933451858	0.670075500850123	0.0449982296290535	0.0058529543934092
ENSG00000162076_FLYWCH2	4042	0.445807135127481	0.0367628028366159	0.473136489760081	0.0390111938448231	0.00528237843099856
ENSG00000166451_CENPN	7884	0.000394331234627205	0.0115468536719064	0.0325108547594038	0.951983114602404	0.00356484573165885
ENSG00000166501_PRKCB1	5242	0.400306492234919	0.0898304221495188	0.402672373803066	0.0903444894750379	0.016846222337459
ENSG00000167515_TRAPPC2L	7197	0.33735003200634	0.167071408783606	0.319741659739158	0.158333421291928	0.017503478178968
ENSG00000167526_RPL13	5323	0.233792431965177	0.0896951624864476	0.323660113286975	0.123944257913048	0.228908034348352
ENSG00000168748_CA7	3140	0.675624349263336	0.0783251056746446	0.213222125115288	0.0247107153274298	0.00811770461930155
ENSG00000168807_SNTB2	3746	0.288898779793004	0.115980556373748	0.358587974455037	0.143865132528111	0.0926675568501004
ENSG00000169682_SPNS1	2603	0.0328942800091184	0.0123362855803624	0.68457990903351	0.256723366447677	0.0134661589293332
ENSG00000171490_RSL1D1	7466	0.468921443245281	0.0908315124501862	0.361058349258321	0.0699288426129436	0.00925985243326774
ENSG00000174177_ILMN_138331	7204	0.169984358257698	0.0833362145488673	0.492849639809825	0.241611327049999	0.0122184603336109
ENSG00000175643_C16orf75	6493	0.230802921285758	0.0219114929742795	0.67645132365556	0.0642129229506443	0.00662133913375855
ENSG00000178952_TUFM	2870	0.465967021865178	0.0309851705141344	0.463855445824929	0.0308364021635163	0.0083559596322426
ENSG00000180185_FAHD1	5699	2.32412503190738e-05	3.86412141024056e-06	0.833171085165907	0.138495834696822	0.0283059747655406
ENSG00000182108_ILMN_32084	7187	0.29609604724979	0.0373733810626319	0.586347914747944	0.0740029273040281	0.00617972963560539
ENSG00000186153_WWOX	10530	0.197371455998696	0.0393351054058809	0.629663686770866	0.125480551098223	0.00814920072633385
ENSG00000187741_FANCA	4659	7.75836603853714e-08	1.84388714729793e-08	0.801768110657671	0.190544022087738	0.00768777123205863
ENSG00000197912_SPG7	5579	0.00210770818154771	0.000822573625528848	0.709418811603992	0.276853528047646	0.0107973785412856
ENSG00000002919_SNX11	4499	0.00216363327650067	0.0936707113536545	0.0201670747955753	0.873087253015315	0.0109113275589544
ENSG00000005156_LIG3	4969	0.311977778089412	0.0288449573373744	0.597841438908794	0.0552693794700093	0.00606644619441074
ENSG00000006282_SPATA20	4043	0.000971299660167782	0.0046157461341003	0.0873860204334381	0.414777829256653	0.492249104515641
ENSG00000007312_CD79B	2758	0.0244707775693967	0.0259141127631203	0.456008832123442	0.482894429319179	0.010711848224862
ENSG00000011052_NME1	4296	0.107104011556554	0.520444568359254	0.0559224203577285	0.271695874825282	0.0448331249011807
ENSG00000011295_TTC19	4451	0.112666376158499	0.00837422586683302	0.813703112401122	0.0604758517132667	0.00478043386027979
ENSG00000012048_BRCA1	3276	3.42494084719315e-05	3.17647719424091e-06	0.890708154461143	0.0825824668791843	0.0266719527740057
ENSG00000035862_TIMP2	6170	0.306382841119119	0.280761668557997	0.201622647091796	0.184735516792244	0.0264973264388448
ENSG00000055483_USP36	6246	5.43835781008111e-06	4.9841260664803e-06	0.122827529021614	0.111803160959242	0.765358887535267
ENSG00000068097_HEATR6	2238	0.130990946729289	0.529664153516246	0.0578016834630957	0.233674235544276	0.0478689807470932
ENSG00000073584_SMARCE1	4434	0.0570035504464204	0.0059573560362095	0.842028617763931	0.0879921366154652	0.00701833913797377
ENSG00000091640_SPAG7	6181	0.0229918861623014	0.552180959560475	0.0141795403272373	0.340470487033913	0.070177126916073
ENSG00000108262_GIT1	2363	0.364119719915699	0.310744652989807	0.147198243579041	0.125568586674256	0.0523687968411966
ENSG00000108278_ZNHIT3	3722	0.256806563914695	0.0147377464808298	0.673586791614699	0.0386399144433427	0.0162289835464334
ENSG00000108352_RAPGEFL1	3887	0.177929181143457	0.0214531998071883	0.707787196417584	0.0853315109580656	0.00749891167370578
ENSG00000108384_RAD51C	3218	0.0148544966075577	0.0643133082317169	0.171104593852174	0.740797222465058	0.0089303788434941
ENSG00000108395_TRIM37	2816	0.115172819815471	0.491194699369856	0.0613593854889634	0.261617866047353	0.0706552292783569
ENSG00000108433_GOSR2	4602	0.175137286922302	0.0180473243638846	0.723464866519917	0.0745418786567168	0.00880864353717895
ENSG00000108559_NUP88	6492	0.305050630502161	0.0700271782524895	0.500769185433422	0.114946966823115	0.009206038988813
ENSG00000108592_FTSJ3	2804	0.0143574496153769	0.0152053368604242	0.460858147770678	0.488052858132843	0.0215262076206775
ENSG00000108639_SYNGR2	6474	0.250522158223124	0.231781563624476	0.257518570278276	0.23823265607725	0.0219450517968744
ENSG00000108651_UTP6	3619	0.380946061344438	0.0402349050066751	0.515591590833416	0.0544471671259199	0.00878027568955159
ENSG00000108666_C17orf75	4303	0.102682100567438	0.0119541796871355	0.788750695928252	0.0918210227745997	0.00479200104257464
ENSG00000108771_DHX58	3674	0.304880045699242	0.0300645351465245	0.598675350511139	0.0590286411561523	0.00735142748694234
ENSG00000108826_MRPL27	3920	0.00355632977203599	0.0168883952776687	0.169727064341995	0.806000659002211	0.00382755160608903
ENSG00000108960_MMD	5107	0.549260618972976	0.0483287407670862	0.36515035227382	0.0321239770944149	0.00513631089170356
ENSG00000125319_C17orf53	3974	0.321411079521931	0.0293588129969507	0.587952447233559	0.0536980548584401	0.00757960538911856
ENSG00000125445_MRPS7	4731	0.536893988331411	0.0654619031525689	0.347595471471256	0.0423736173476096	0.00767501969715488
ENSG00000126581_BECN1	3160	0.645005961845881	0.0572728968749105	0.264820438345282	0.0235051679774688	0.00939553495645806
ENSG00000132141_CCT6B	4957	0.423860279842091	0.0509921181735538	0.462484829692313	0.0556317778553385	0.00703099443670315
ENSG00000132507_EIF5A	5120	1.74913764107248e-05	2.87090308307936e-06	0.853833287269814	0.140135768961698	0.00601058148899372
ENSG00000141560_ILMN_14939	4267	0.174279086139423	0.0144174912714726	0.742664625839289	0.0614308050128959	0.00720799173691905
ENSG00000141696_ILMN_21605	4514	0.540955573829862	0.0617096797111019	0.350650434984188	0.0399938698266122	0.00669044164823581
ENSG00000141698_NT5C3L	4463	0.000304331630025143	3.45874151813471e-05	0.89282420089589	0.101464465991456	0.00537241406744768
ENSG00000141720_PIP4K2B	3673	0.000272004677375656	0.527289905045869	0.00018596612025916	0.360389503897703	0.111862620258794
ENSG00000159199_ATP5G1	4101	3.0752127506347e-07	1.33028247946863e-05	0.0175033649843361	0.756938972959394	0.225544051710199
ENSG00000161326_DUSP14	3803	0.000217677751548609	0.421966585820085	0.000281270240781713	0.545207792498294	0.0323266736892899
ENSG00000161664_ASB16	3946	0.625888303792137	0.0565527878108184	0.285860770082777	0.0258233720433921	0.00587476627087589
ENSG00000166260_COX11	4894	0.0817027479236612	0.00734713958705963	0.828228827311279	0.074470428979249	0.00825085619875134
ENSG00000166750_SLFN5	4875	6.77724005923701e-05	6.38391518926131e-06	0.907733635565275	0.0854985340179655	0.00669367410097745
ENSG00000167083_GNGT2	4192	0.0093343581065476	0.403127646615287	0.0124313133328823	0.53683915146492	0.0382675304803625
ENSG00000167720_SRR	5731	0.169616209730299	0.0228236024627816	0.705495506849444	0.0949245235864036	0.00714015737107162
ENSG00000167895_TMC8	6365	0.304054350865821	0.281771222398054	0.201770816067617	0.186958261102029	0.0254453495664792
ENSG00000168646_AXIN2	4934	0.480254513256359	0.0353658972088313	0.446771188463114	0.0328954753930506	0.00471292567864513
ENSG00000170291_C17orf81	5178	0.000104173714459032	1.68564355928556e-05	0.38861380548759	0.062332991705292	0.548932172657066
ENSG00000172057_ORMDL3	3497	0.0362120725929991	0.00368535273546894	0.865009112338468	0.0880261069451199	0.00706735538794407
ENSG00000172301_C17orf79	3623	0.161294920453324	0.0170463630530433	0.736594736221504	0.0778393762765696	0.007224603995559
ENSG00000176974_SHMT1	3113	0.0467331657183641	0.0470165791024297	0.438359949430622	0.440991485466984	0.0268988202815992
ENSG00000177370_TIMM22	6518	0.000212874186984364	2.69309681267693e-05	0.783424943525381	0.0989946865094157	0.117340564810093
ENSG00000177602_GSG2	6179	0.0118430405428029	0.285237568107163	0.0257971268852157	0.621263447681967	0.055858816782852
ENSG00000181031_RPH3AL	3643	0.521330597571625	0.0362586119490096	0.396766367026939	0.0275770859173467	0.0180673375350802
ENSG00000182534_MXRA7	5963	0.450853402261705	0.067386283530463	0.411833719708352	0.0615458709788168	0.00838072352066379
ENSG00000185262_FAM100B	5796	0.409844697994611	0.0596811893332022	0.454336065186308	0.0661499912236028	0.00998805626227592
ENSG00000185504_C17orf70	6556	0.366713357998089	0.0581181025391173	0.489338204493967	0.0775438597032659	0.00828647526556029
ENSG00000187607_ZNF286A	4818	0.433636667345282	0.0407857953627323	0.474969167173399	0.0446673920556418	0.00594097806294441
ENSG00000187624_ILMN_7731	4531	6.8641190363715e-09	5.99211361141701e-10	0.906489055143999	0.07911863813257	0.0143922992601013
ENSG00000205309_NT5M	4150	0.32015735321255	0.323651688102527	0.161650553369806	0.163383720268011	0.0311566850471064
ENSG00000213246_SUPT4H1	3588	0.116440498600321	0.485207044829729	0.064076131135765	0.266937617524914	0.0673387079092712
ENSG00000214087_ARL16	6609	0.0236408392613061	0.00369094040369203	0.797000517923173	0.124380903651469	0.0512867987603603
ENSG00000066926_FECH	5591	0.534754493497427	0.0711346622587901	0.340889758547777	0.0453383053052513	0.00788278039075423
ENSG00000082212_ME2	4741	0.478864824813291	0.0302582189030211	0.457552902298422	0.0289071572261813	0.00441689675908429
ENSG00000091164_TXNL1	4490	0.501960408112339	0.117816900324281	0.297999389289268	0.0699321980969169	0.0122911041771943
ENSG00000101557_USP14	3782	0.471547963301151	0.0394725370924156	0.415400657254637	0.0347336894094129	0.0388451529423826
ENSG00000101752_MIB1	2568	0.422201695393914	0.0218433339484895	0.524395726647189	0.0271260855089527	0.00443315850145424
ENSG00000132199_ENOSF1	5187	0.15551332184158	0.015990996074834	0.745688755490804	0.0766709346338516	0.00613599195893073
ENSG00000141428_C18orf21	4165	0.387350049593818	0.0603110952983231	0.470470633623255	0.0732444951238077	0.00862372636079625
ENSG00000154889_MPPE1	6155	0.447374213797902	0.0731598709833488	0.405327529595891	0.0662760423983902	0.0078623432244671
ENSG00000158270_COLEC12	4076	0.628130701066523	0.0570651071934236	0.283244262696072	0.025726652311425	0.0058332767325566
ENSG00000166401_SERPINB8	5707	0.233910137545256	0.0182053941020821	0.688888322423579	0.0536112883386152	0.00538485759046848
ENSG00000167220_HDHD2	4542	0.567614083088305	0.0453087579440272	0.351386364702475	0.0280411254011852	0.00764966886400766
ENSG00000168461_RAB31	6780	0.512003387726602	0.0563462279867283	0.383687867041849	0.0422192977672155	0.00574321947760435
ENSG00000172466_ZNF24	4022	0.63497289481649	0.0643874108909519	0.266056191767641	0.0269709710888551	0.0076125314360615
ENSG00000176014_TUBB6	5922	0.322539649637639	0.0540253038741586	0.52518123802053	0.087957418602515	0.0102963898651569
ENSG00000177150_C18orf19	5678	0.321575256697714	0.0289652561133497	0.590565744906969	0.0531883376590862	0.00570540462288038
ENSG00000197563_PIGN	5190	0.0651267280278909	0.020779989590388	0.682300331634699	0.217687508291547	0.0141054424554754
ENSG00000198795_ZNF521	4699	0.611862086044738	0.0601777671672184	0.293141733527995	0.028825037978985	0.00599337528106403
ENSG00000215429_ILMN_33941	5707	1.13181753242694e-05	8.80794190455823e-07	0.922864411593153	0.0718131223884952	0.00531026704883689
ENSG00000064666_CNN2	6391	0.513654060810484	0.0611983610788096	0.37414006516039	0.044569786913571	0.00643772603674569
ENSG00000065000_AP3D1	6235	0.520141405572601	0.0544223116180355	0.374694884517126	0.0391927168286556	0.0115486814635816
ENSG00000065268_WDR18	6213	0.00110254227345186	0.000127805407982621	0.888584471017886	0.102996481617563	0.00718869968311619
ENSG00000073050_XRCC1	6480	0.000702510900125106	6.22013181859788e-05	0.913525025313667	0.0808799798466884	0.0048302826213335
ENSG00000076924_XAB2	6823	0.327305068917044	0.139569008280008	0.363209116479143	0.154864113563293	0.015052692760513
ENSG00000083828_ZNF586	4845	0.342613280980587	0.0434665097814858	0.538944869471309	0.0683680113480932	0.00660732841852522
ENSG00000095932_ILMN_32047	6424	0.53494809838289	0.0611079978134807	0.357058125101991	0.0407812301367543	0.00610454856488435
ENSG00000104946_TBC1D17	5003	0.570560482264354	0.0712925337024802	0.311938690311976	0.03897004862187	0.00723824509932012
ENSG00000104953_TLE6	6777	0.509274150331125	0.0568975329903403	0.384869171193699	0.0429926941929219	0.00596645129191395
ENSG00000105053_VRK3	5074	0.303393230142231	0.0381315855026348	0.57806628278219	0.0726457495112425	0.00776315206170219
ENSG00000105132_ZNF550	5565	0.306851487569074	0.0473345510546975	0.552820279866739	0.0852696848525798	0.00772399665690996
ENSG00000105198_LGALS13	5250	0.569586278198837	0.0891294650168313	0.287014708943304	0.044902999565903	0.00936654827512419
ENSG00000105404_RABAC1	3845	0.392521009737386	0.0314535603186229	0.527841768573468	0.0422912139357929	0.00589244743473069
ENSG00000105697_HAMP	5206	0.563664770840123	0.0456649275915136	0.356302993701619	0.0288601435730644	0.00550716429367949
ENSG00000105698_USF2	5226	0.429459507109001	0.0348762842733674	0.490443230613893	0.0398233574720818	0.00539762053165624
ENSG00000118046_STK11	6850	0.517409871552868	0.0682028215699335	0.35968310360969	0.0474046341529598	0.0072995691145485
ENSG00000121289_CCDC123	5977	0.0105937834460018	0.00108055119620038	0.870348348440787	0.0887450903572817	0.0292322265597292
ENSG00000121406_ZNF549	5602	0.528977838436655	0.0871440168916736	0.321983994433611	0.0530349104816685	0.00885923975639181
ENSG00000125656_CLPP	6257	0.4270846635959	0.164530036256235	0.283296219108678	0.109121027896933	0.0159680531422532
ENSG00000125753_VASP	5456	9.46389607863405e-08	0.000589654813519177	0.000160370159467059	0.999197695644265	5.21847437889732e-05
ENSG00000125910_EDG6	6646	0.47585434129568	0.0526362868885003	0.419139866186032	0.0463568432125637	0.00601266241722353
ENSG00000126246_TMEM149	4937	0.01521237102087	0.00119701370711536	0.902433070468056	0.0709994664978035	0.0101580783061545
ENSG00000129933_KIAA0892	4400	0.129049027419022	0.0270463785512015	0.653316296582556	0.136869745533305	0.0537185519139166
ENSG00000130312_MRPL34	5862	0.383609171322702	0.0374355123762984	0.516232250617061	0.050365527694484	0.0123575379894545
ENSG00000141934_PPAP2C	4424	0.618637920568581	0.0532648410367455	0.29686958432113	0.0255548541120915	0.00567279996145129
ENSG00000141994_DUS3L	6075	0.0500419832818398	0.0188543633751926	0.671083822140217	0.252837677463095	0.00718215373965536
ENSG00000142046_BCKDHA	4114	0.599896798688829	0.0554246339074693	0.309600953861623	0.0285976392053099	0.00647997433676877
ENSG00000160113_NR2F6	5837	0.564709628141605	0.0536676988131203	0.343277679874747	0.0326179829722442	0.00572701019828294
ENSG00000161558_TMEM143	5912	0.449403020610632	0.0557794640863999	0.433760806757935	0.0538307418105335	0.00722596673449932
ENSG00000167766_ZNF83	8788	0.223159396868081	0.0612163127965246	0.554264445200675	0.152034577546212	0.00932526758850704
ENSG00000167807_ILMN_19980	5075	0.595859601147	0.0493416854279529	0.322876941169368	0.0267314644888525	0.00519030776682721
ENSG00000170866_LILRA3	8739	0.334785879309457	0.191375702214875	0.288873113470234	0.16511045188321	0.0198548531222241
ENSG00000170949_ZNF160	8710	0.25196302233574	0.0547778025339617	0.562048388654629	0.122182614724284	0.00902817175138524
ENSG00000175691_ZNF77	6882	0.522434937334806	0.0590320941520059	0.369891476847461	0.0417887220031065	0.00685276966262077
ENSG00000176232_ZNF283	6595	0.519435804056228	0.0456796577624162	0.395165405189892	0.0347462327880877	0.00497290020337598
ENSG00000178229_ZNF543	5608	0.224552069704746	0.0380845991205503	0.623928943967445	0.105812305304882	0.00762208190237631
ENSG00000182013_ILMN_30225	4806	0.0382269865027468	0.410193859988147	0.0440423010357077	0.472559991180427	0.0349768612929715
ENSG00000183617_MRPL54	6299	0.00181887075044829	0.000217139636763071	0.887691688787962	0.105969720485074	0.00430258033975295
ENSG00000186111_PIP5K1C	6269	0.438871904433278	0.0517400454046467	0.445725081199336	0.0525368627403717	0.011126106222368
ENSG00000188000_OR7D2	5583	0.519911192486524	0.0390786335495893	0.405428902533714	0.0304685676891616	0.00511270374101074
ENSG00000188321_ZNF559	5396	0.581870402673562	0.0437562093826294	0.343735119410682	0.025843823714808	0.00479444481831833
ENSG00000189052_ILMN_17361	5365	0.559949127834865	0.0710930572126852	0.321051473379418	0.0407546418822273	0.00715169969080365
ENSG00000189144_ZNF573	4188	0.433291250508451	0.0243131154711979	0.509342412071218	0.028576069684382	0.00447715226475153
ENSG00000196365_LONP1	6116	0.389811376723173	0.148755219977335	0.323318095409368	0.12336608899463	0.0147492188954928
ENSG00000196931_ILMN_36955	8959	0.460713105792938	0.0594050801180302	0.419821237425448	0.0541264835240794	0.00593409313950451
ENSG00000197256_ANKRD25	4676	0.580742184689339	0.0620073879847303	0.315984589378518	0.0337309803516459	0.00753485759576602
ENSG00000198046_ZNF667	6573	0.504168950422693	0.0975470226674528	0.325782797003787	0.0630232451874465	0.00947798471862
ENSG00000007341_ST7L	4325	1.53427228152862e-05	1.32179170465483e-06	0.916587894799303	0.0789605761389543	0.00443486454722266
ENSG00000043514_TRIT1	4494	0.0102850996441678	0.309749342963534	0.020544325808841	0.618678729459995	0.0407425021234622
ENSG00000049239_H6PD	3758	0.532184924499962	0.0421641400060769	0.389530366690287	0.0308565890371709	0.0052639797665025
ENSG00000049247_UTS2	4377	0.490200521764055	0.177145947536477	0.23214654487602	0.0838751998901983	0.0166317859332491
ENSG00000058799_YIPF1	5301	0.579856539468747	0.0705611159232956	0.305070681903317	0.0371157997645518	0.00739586294008891
ENSG00000064886_CHI3L2	5659	0.00428766307597813	0.000763567004534994	0.838880702931791	0.149385098556687	0.00668296843100954
ENSG00000065135_GNAI3	4416	0.0189197662484914	0.00515003831951762	0.723103668656741	0.19677574691018	0.0560507798650699
ENSG00000066185_ZMYND12	4209	0.362376940568831	0.0355241066033331	0.542673200908211	0.0531924625481014	0.00623328937152367
ENSG00000067533_RRP15	5604	0.496637069141238	0.0709783268762659	0.371593284255156	0.0530996400797279	0.00769167964761289
ENSG00000069275_NUCKS1	3638	0.208747327541007	0.0289135293278064	0.591446074425769	0.0818319561295064	0.0890611125759112
ENSG00000081692_JMJD4	4963	0.00999629887142413	0.00130546734253436	0.807770723351778	0.105415361338651	0.0755121490956126
ENSG00000084072_PPIE	4488	0.000595550759912093	0.0179333878079905	0.0314923325232717	0.948304078836646	0.00167465007217937
ENSG00000090686_USP48	5370	0.00735470661486429	0.00069454356098098	0.8974775824428	0.0847437908727725	0.00972937650858278
ENSG00000097046_CDC7	4510	0.449544628512184	0.038306044461417	0.466829743790123	0.03977337625667	0.00554620697960675
ENSG00000116171_SCP2	4116	0.117413022017669	0.00777231308004826	0.814877429661349	0.0539359072981711	0.00600132794276264
ENSG00000116199_FAM20B	5094	0.39705010795167	0.0323604453626314	0.52044078930653	0.042409314297132	0.00773934308203622
ENSG00000116455_WDR77	5606	0.00432722758153253	0.000759715795384924	0.841504948715336	0.147734325880113	0.00567378202763373
ENSG00000116698_SMG7	5011	0.00464756873183555	0.00811579778493274	0.328077142539891	0.572817018477017	0.086342472466324
ENSG00000116791_CRYZ	4107	0.0892581237294143	0.0170769282593092	0.743873047130652	0.142310843921428	0.00748105695919678
ENSG00000116885_C1orf102	3381	0.0953344557579219	0.0135847424273411	0.768394074675524	0.109479583308216	0.0132071438309974
ENSG00000117174_C1orf181	5527	0.30097786020423	0.0222201603938466	0.625601009952409	0.0461809511832782	0.00502001826623638
ENSG00000117289_TXNIP	441	0.952769911816324	0.00806215869760474	0.0380744896821118	0.000321407094003142	0.000772032709956709
ENSG00000117481_NSUN4	3822	0.0390280226865989	0.00854964429770346	0.775692036386066	0.169919579069523	0.00681071756010837
ENSG00000121310_ECHDC2	4114	0.268913925006364	0.0181177089944151	0.662793647579308	0.0446492927653508	0.00552542565456205
ENSG00000123473_STIL	4344	0.101008061067921	0.0122128155157463	0.784080089556718	0.0947946825123579	0.00790435134725704
ENSG00000131697_NPHP4	5803	0.425571587841949	0.0701564662453352	0.425895409387053	0.0702016741179306	0.00817486240773199
ENSG00000134184_GSTM1	4540	1.08439224234252e-06	2.13194568944481e-07	0.83218511183437	0.163605728904641	0.00420786167417717
ENSG00000134262_AP4B1	3695	0.643509264615135	0.0539555833227213	0.273344186370931	0.0229124980512013	0.00627846764001142
ENSG00000134697_GNL2	4441	0.14194283882179	0.0238140448599299	0.704245594118041	0.118140889288925	0.0118566329113141
ENSG00000135778_C1orf57	6311	0.0565231110525614	0.00525301970770984	0.852175936813306	0.0791907826679376	0.00685714975848497
ENSG00000142632_ARHGEF19	4857	0.153821015442722	0.0212133601873138	0.719324225351716	0.0991951084510119	0.00644629056723681
ENSG00000142684_ZNF593	3112	0.475795544750481	0.0515191304824064	0.407952441887474	0.0441525005052138	0.0205803823744244
ENSG00000142794_NBPF3	5622	0.440171136150795	0.043895930598492	0.463383773000955	0.0462044589374546	0.00634470131230282
ENSG00000143155_TIPRL	5143	0.00384864953525112	0.000681314474524501	0.842115439728418	0.149072799150999	0.00428179711080664
ENSG00000143156_NME7	6011	0.0524364078800175	0.00671482037346746	0.829290970875355	0.106190692688822	0.00536710818233831
ENSG00000143194_MAEL	5345	0.489722585470805	0.0836751907121798	0.353724195729151	0.0604257231340952	0.0124523049537684
ENSG00000143198_MGST3	5454	0.407160577002252	0.0423409604252407	0.491139939973479	0.0510657500898409	0.00829277250918688
ENSG00000143226_FCGR2A	5307	0.0773504861933539	0.00596987149898862	0.840971858940123	0.0648949709675278	0.0108128124000065
ENSG00000143387_CTSK	2974	0.256406561963454	0.0688041004743474	0.524604989292511	0.140763007087426	0.00942134118226174
ENSG00000143437_ARNT	2978	0.0396353268480354	0.00883876643766564	0.773864089857081	0.172568327463296	0.00509348939392197
ENSG00000143537_ADAM15	2773	0.535462146764804	0.0819087146691395	0.323106444291128	0.0494149238832964	0.0101077703916321
ENSG00000143569_UBAP2L	3585	0.36774375702675	0.0556405367855748	0.494224696397106	0.0747697934229855	0.0076212163675832
ENSG00000143653_SCCPDH	7396	0.492508176948686	0.0668318089889348	0.38174302329668	0.0517942035864952	0.00712278717920379
ENSG00000143756_FBXO28	4378	0.00237152639879714	0.000257441880185183	0.895612391077233	0.0972189776434129	0.00453966300037198
ENSG00000153898_MCOLN2	4824	0.0146458446123131	0.00126872002925506	0.897021430436447	0.0776965679728082	0.00936743694917638
ENSG00000159479_MED8	4158	0.146796082797003	0.00813448784136112	0.794473137627192	0.0440179757128028	0.00657831602164123
ENSG00000160714_UBE2Q1	3011	0.64777681388566	0.0922438903803583	0.211600236197848	0.0301137625463802	0.0182652969897544
ENSG00000162384_C1orf123	4294	0.0864749328784926	0.00593033310828834	0.844467152322288	0.0579071866526275	0.00522039503830412
ENSG00000162437_RAVER2	4709	0.614827667866445	0.0673839941511248	0.280257019367268	0.030708837110376	0.00682248150478516
ENSG00000162551_ALPL	5589	0.56833039403436	0.0559519678631823	0.336615532846423	0.033133736411633	0.00596836884440128
ENSG00000162585_C1orf86	4882	0.382986171985056	0.0291545579782047	0.541224381246807	0.0411948924346906	0.00543999635524196
ENSG00000162600_OMA1	4906	0.287756204244873	0.0343564510800414	0.597790211767887	0.0713640118058984	0.0087331211012999
ENSG00000162604_TM2D1	4607	0.61236114747576	0.0403839006494034	0.321688833579437	0.0212103309197177	0.00435578737568287
ENSG00000162606_L1TD1	4978	0.622171240804657	0.0445740968503844	0.306851339553545	0.0219792685868126	0.0044240542046003
ENSG00000162769_FLVCR1	5068	0.0463251322665172	0.0157363541035995	0.695421407199898	0.2362239555176	0.00629315091238504
ENSG00000162836_ACP6	3079	0.653710585482681	0.0710684301015144	0.241864295413631	0.0262873125019327	0.00706937650024116
ENSG00000162885_B3GALNT2	5026	0.386934291566637	0.0381036277317634	0.513475073116831	0.0505538874760887	0.0109331201086804
ENSG00000168653_NDUFS5	4544	0.000132988781204996	0.00400533399251034	0.0319845793182804	0.963305668532156	0.000571429375848356
ENSG00000171488_LRRC8C	4098	0.30426034565447	0.0371171680841787	0.58055378328892	0.0708153584877914	0.00725334448463983
ENSG00000171806_C1orf156	5784	0.000432591443441337	5.50110141790982e-05	0.877650065778221	0.111597167078387	0.0102651646857711
ENSG00000175279_CORT	3519	0.63277434003402	0.0873347526397887	0.238637566987601	0.0329281445135861	0.00832519582500484
ENSG00000177000_MTHFR	4578	0.440788737355659	0.0658070062939812	0.42107396577413	0.0628542379391561	0.00947605263707352
ENSG00000177868_CCDC23	4104	0.231465902074891	0.0213307085181665	0.671170239706659	0.0618374058134717	0.0141957438868116
ENSG00000178028_DMAP1	3581	0.108274847073612	0.00670506194416392	0.828704077222227	0.0513135846789532	0.0050024290810442
ENSG00000184022_OR2T10	4042	0.538411478706984	0.0382587545006358	0.389626002754249	0.0276802465119272	0.00602351752620375
ENSG00000185523_ILMN_7435	5107	0.431087206037549	0.112092303194066	0.350834689735226	0.0912100805545915	0.0147757204785685
ENSG00000197622_CDC42SE1	3279	0.510105602310297	0.0302583892427263	0.428436823649412	0.0254081784093315	0.00579100638823263
ENSG00000197747_S100A10	3468	0.410472627203576	0.0225080180410832	0.531301548585266	0.029127008005445	0.00659079816462949
ENSG00000197780_TAF13	4174	0.378913559411824	0.101493881579191	0.398352016104887	0.10668601436147	0.0145545285426282
ENSG00000198216_CACNA1E	4824	0.402720920518754	0.0299116532992375	0.523030166736575	0.0388419949336992	0.00549526451173395
ENSG00000203666_EFCAB2	6095	0.0470916732912303	0.00526282388894621	0.845653573448887	0.0945002103240728	0.00749171904686357
ENSG00000203965_ILMN_14353	4793	0.348740791821145	0.0358752763865457	0.552336038573173	0.056813066232078	0.006234826987058
ENSG00000204138_PHACTR4	3410	0.139120211052575	0.00938434967153477	0.774537216196106	0.0522216481552895	0.0247365749244945
ENSG00000088766_CRLS1	6045	0.00918604721310269	0.00123684657475222	0.867199374917992	0.11675761347025	0.00562011782390293
ENSG00000088832_FKBP1A	6324	0.34550988506537	0.101807046867106	0.417145963569084	0.12290251342406	0.0126345910743791
ENSG00000088833_NSFL1C	6349	0.0701561704947511	0.0243998659259827	0.667719720361324	0.23222313306494	0.00550111015300237
ENSG00000100991_TRPC4AP	3118	2.03957971518725e-06	2.3138598938911e-06	0.324184264418265	0.367471827154086	0.308339554988039
ENSG00000100994_PYGB	4576	0.000616938038453804	4.88187570672845e-05	0.915625931347181	0.0724428825090291	0.0112654293482683
ENSG00000100997_ABHD12	4456	2.10992541825874e-06	1.62471851225333e-07	0.91800300700598	0.0706782191038805	0.0113165014928694
ENSG00000101052_IFT52	4717	0.300688671007253	0.335210973713586	0.155812075697955	0.173666360682427	0.0346219188987799
ENSG00000101158_TH1L	4771	0.510308787127618	0.0560881154300118	0.382776057929937	0.0420622091810375	0.00876483033139527
ENSG00000101161_PRPF6	4398	0.464495684077771	0.0415228101975951	0.448364041121821	0.0400752068581308	0.00554225774468213
ENSG00000101182_PSMA7	6805	0.373745757707102	0.0383120187540323	0.528480813789081	0.0541683435075831	0.00529306624220145
ENSG00000101190_TCFL5	6723	0.249168465297214	0.0294518430607053	0.634832521056715	0.0750260152266709	0.0115211553586947
ENSG00000101220_C20orf27	6042	0.548081941163879	0.0596999685341999	0.348153338515725	0.0379165450868034	0.00614820669939329
ENSG00000101311_C20orf42	6064	0.552196612185659	0.0752312077720346	0.321734339781142	0.0438260404669869	0.00701179979417793
ENSG00000101343_CRNKL1	4338	0.00649641343578784	0.000520562547570722	0.914358505367369	0.0732628805468675	0.00536163810240505
ENSG00000124193_SFRS6	4895	0.200833078894821	0.224292232780178	0.26079246829132	0.291232581624228	0.0228496384094524
ENSG00000125821_DTD1	5575	0.446428065632834	0.0328123147961743	0.475277776341112	0.0349221993232602	0.0105596439066196
ENSG00000125870_SNRPB2	6186	0.562374938703192	0.0489591518186242	0.353052598149397	0.0307311171599537	0.00488219416883308
ENSG00000125878_TCF15	4923	0.599760412414854	0.0691747312998062	0.290776517343577	0.0335306132630925	0.00675772567867081
ENSG00000125977_EIF2S2	2635	0.00374225184200616	0.00489130689368005	0.110929840200193	0.144254565512629	0.736182035551492
ENSG00000166948_TGM6	5891	0.461239637955987	0.143784018529742	0.290177827679557	0.0904439033483769	0.0143546124863364
ENSG00000214078_CPNE1	2928	0.0574485311639455	0.0316076797624429	0.501161134990613	0.275600294104882	0.134182359978117
ENSG00000154719_MRPL39	4874	0.405779561898578	0.0408376310042404	0.488391226855728	0.0491358082860475	0.0158557719554064
ENSG00000156261_CCT8	5264	0.302282088643957	0.112182184103518	0.335497453578921	0.124383333576196	0.125654940097408
ENSG00000160188_RSPH1	7477	0.415074843253149	0.0867415287109539	0.402624253405428	0.0841281976252961	0.0114311770051731
ENSG00000160193_WDR4	6829	0.432786412621368	0.0895573040628667	0.384609871682962	0.0795745702490821	0.0134718413837218
ENSG00000160194_NDUFV3	6725	0.292316852199284	0.0611802378194946	0.525603204386183	0.109994826234331	0.010904879360707
ENSG00000160213_CSTB	6098	0.343128429565143	0.0677443294252104	0.483792184658985	0.0955059437203473	0.00982911263031426
ENSG00000182362_C21orf57	4678	0.224394170037116	0.0218931710018785	0.679300936257725	0.0662683180415809	0.00814340466169956
ENSG00000182852_C21orf121	7675	0.417300583138519	0.118909727868845	0.352041837672544	0.100302814774097	0.0114450365459952
ENSG00000185808_PIGP	5492	0.00339980171680477	0.000329936382122797	0.895840477601852	0.0869240249437288	0.0135057593554911
ENSG00000025708_ECGF1	4028	0.0100189145324057	0.519484439402986	0.00814151162244503	0.422100146289751	0.0402549881524119
ENSG00000099940_SNAP29	3103	0.129132365085866	0.0273680811142456	0.685743748650063	0.145322863319198	0.0124329418306268
ENSG00000100033_PRODH	5661	0.442138959614899	0.168984266115618	0.269178951358699	0.102862602476575	0.0168352204342088
ENSG00000100092_SH3BP1	4734	0.0817621681360643	0.00748133013396451	0.823994586221261	0.0753850524226684	0.0113768630860414
ENSG00000100101_NOL12	4807	0.239610833116348	0.0232502847415063	0.663066974895894	0.064329986665618	0.00974192058063373
ENSG00000100162_CENPM	4364	0.535192223819744	0.0437548297962867	0.383740622037209	0.0313669050367804	0.00594541930998033
ENSG00000100266_PACSIN2	5883	0.000237224561820268	2.51424932893206e-05	0.899410784206356	0.0953199857631418	0.00500686297539333
ENSG00000100296_THOC5	4094	0.00012476163531683	0.264924642839247	0.000333723475875528	0.708617907705172	0.0259989643443879
ENSG00000100299_ARSA	3731	0.0118696225179093	0.615387681975597	0.00598363973664219	0.310168792368049	0.0565902634018022
ENSG00000100304_TTLL12	6247	0.423873417630614	0.117973683713167	0.345070355694701	0.0960239274625496	0.0170586154989684
ENSG00000100321_SYNGR1	3820	0.00593189368153828	0.000591890040123004	0.896656058523405	0.0894618430817894	0.00735831467314425
ENSG00000100330_MTMR3	4450	0.00014205657331205	0.301640082346064	0.00031520299914297	0.669267099235195	0.0286355588462855
ENSG00000100347_SAMM50	7332	0.235438742343968	0.070345788045586	0.485928444848202	0.145125429910078	0.0631615948521656
ENSG00000100417_PMM1	3704	0.0331696702200267	0.00283432403252104	0.882426034104302	0.0753964849900048	0.00617348665314501
ENSG00000128408_RIBC2	6823	0.102868655799173	0.0143590625952769	0.769951615611688	0.10746940242123	0.00535126357263205
ENSG00000179750_APOBEC3B	4065	0.644333116867597	0.0620806465881067	0.262181482240037	0.0252546901981745	0.00615006410608531
ENSG00000184674_GSTT1	5300	0.000763579787041177	7.60168219378644e-05	0.903321695585619	0.0899226620167927	0.00591604578860939
ENSG00000184983_NDUFA6	4591	0.607948600408712	0.0508671903819943	0.309689172449753	0.0259061709172272	0.00558886584231354
ENSG00000185838_GNB1L	4558	0.320190264016174	0.116648160608246	0.400114717018672	0.145748050791445	0.0172988075654618
ENSG00000188130_MAPK12	5337	0.0101983550094033	0.529072349898721	0.00778619942703544	0.403884990458843	0.0490581052059983
ENSG00000189306_ILMN_12816	5450	0.421933120120844	0.0436429332936783	0.47818745911723	0.0494548566832435	0.00678163078500349
ENSG00000035141_FAM136A	4792	0.416528012728698	0.0612441826240173	0.44869733464037	0.0659666339750613	0.00756383603185306
ENSG00000068878_PSME4	5984	0.275738659930389	0.044887033721615	0.577804896899059	0.0940523724909375	0.00751703695799899
ENSG00000079785_DDX1	5243	0.0747125274371255	0.00935407998876213	0.808852702178866	0.101263315591883	0.00581737480336344
ENSG00000087338_GMCL1L	4453	0.199242432802971	0.025729374979494	0.650781012072176	0.083999022260469	0.0402481578848896
ENSG00000115053_NCL	4829	0.582524144887192	0.0550649624771948	0.325893831937117	0.030800442722667	0.00571661797582947
ENSG00000115350_POLE4	4345	0.438621619364474	0.0232310122065946	0.506321808852801	0.0268116490231326	0.00501391055299801
ENSG00000115364_MRPL19	5896	0.42903301711648	0.0367431626545098	0.487384765342229	0.0417354081410396	0.00510364674574199
ENSG00000115750_TAF1B	6077	0.0658999089371802	0.0107129467184856	0.784912957925	0.12758763114397	0.010886555275364
ENSG00000115816_CEBPZ	6215	0.308980404380151	0.0333607855134443	0.588612144286619	0.0635472800714071	0.00549938574837874
ENSG00000115866_DARS	3478	0.212426344217135	0.0237796393140836	0.677678175137181	0.0758510538035237	0.0102647875280769
ENSG00000115934_PPIL3	3737	0.000916298850990392	0.000106316494128024	0.890255853216586	0.103289340129575	0.00543219130872028
ENSG00000118640_VAMP8	4638	0.0375207623615568	0.00345244935271154	0.873906228075885	0.0804072186543272	0.00471334155552001
ENSG00000118961_C2orf43	4776	0.557600966482693	0.0364622485242867	0.376805313612134	0.0246352907208281	0.00449618066005814
ENSG00000119878_CRIPT	6304	0.000977360900212391	0.000187241490096373	0.823649366213128	0.15777623082201	0.0174098005745531
ENSG00000123983_ACSL3	5159	0.374003721920398	0.06578540590075	0.467002639393051	0.0821323799166225	0.0110758528691782
ENSG00000130414_NDUFA10	6974	0.379927942952088	0.154545348508207	0.319825098049523	0.130081368296414	0.0156202421937678
ENSG00000132305_IMMT	4069	0.00324782921103877	0.00023564452265022	0.920254568342111	0.0667590783427985	0.00950287958140141
ENSG00000132313_MRPL35	3956	0.621889211184751	0.0440914248291939	0.307074981632413	0.0217661811117425	0.00517820124189921
ENSG00000132329_RAMP1	6074	0.473992985330688	0.0482024556307168	0.428350590269637	0.0435549784084019	0.00589899036055573
ENSG00000135632_SMYD5	3349	0.694267066995043	0.0410979972659666	0.245364551954936	0.0145199074900633	0.0047504762939915
ENSG00000135899_SP110	5350	0.365071535315799	0.0328069697006751	0.517267567705915	0.0464455811717026	0.0384083461059089
ENSG00000135951_TSGA10	3599	0.00390878320085655	0.000479990144275102	0.88255219112077	0.10837081683708	0.00468821869701876
ENSG00000136718_IMP4	3100	0.621962209292224	0.0368837719118632	0.317334651114228	0.0188136599870383	0.00500570769464642
ENSG00000138035_PNPT1	5951	0.0191638027976651	0.00494771115477952	0.771384198946936	0.199150640915365	0.00535364618525492
ENSG00000138036_DYNC2LI1	5640	2.10242979872272e-06	0.599368069065041	1.19550433119887e-06	0.340758702458832	0.0598699305419976
ENSG00000138095_LRPPRC	5528	1.19828409858728e-06	0.341611033551211	2.20246745751091e-06	0.627856618524984	0.0305289471722477
ENSG00000138399_FASTKD1	5740	0.529498094458456	0.0812770457452579	0.330484757088281	0.0507208218634215	0.00801928084458407
ENSG00000144120_TMEM177	4499	0.385531679557872	0.0607272100200438	0.462974724683021	0.0729078303842421	0.0178585553548209
ENSG00000144401_FAM119A	4562	0.284987533528486	0.257679761422815	0.228624027959574	0.206695046061893	0.022013631027232
ENSG00000151665_PIGF	6257	0.0472277112152448	0.00903121203769749	0.770552642019424	0.147324581832881	0.0258638528947519
ENSG00000151690_ILMN_5981	3663	0.187198047702094	0.00970027748791379	0.75741788636265	0.0392416363520089	0.00644215209533324
ENSG00000158089_GALNT14	5018	0.541361822712386	0.0858903875641789	0.31400968306973	0.0498106428239941	0.00892746382971075
ENSG00000163082_SGPP2	4804	0.163357890653862	0.0243793159157179	0.538568157299801	0.0801816877621915	0.193512948368428
ENSG00000168385_SEPT2	5573	0.335810722506786	0.024313368132769	0.591241483405837	0.0428012330439933	0.00583319291061455
ENSG00000171103_ILMN_29305	4919	0.000566320526228243	4.47371606692532e-05	0.920763313900331	0.0727308937173471	0.00589473469542433
ENSG00000171853_TTC15	6583	0.217394383277017	0.0457125417608179	0.602784773272034	0.126743030510072	0.00736527118005981
ENSG00000172954_LYCAT	5663	0.367351953519608	0.0557837745675421	0.481493404641483	0.0730943062771725	0.0222765609941948
ENSG00000173272_FAM128A	4001	0.54699957957732	0.0360999601278558	0.386423680067676	0.0254975622166315	0.00497921801051653
ENSG00000174501_ILMN_40651	2300	0.0509821775245901	0.00403796598562474	0.851116256557526	0.0673848924944668	0.0264787074377925
ENSG00000176732_PFN4	4996	0.294666678605303	0.0343636097945474	0.594568046825649	0.0693306106074577	0.0070710541670422
ENSG00000182551_ADI1	6585	0.419662807035228	0.0869613299026957	0.401133325153713	0.0831125735530334	0.0091299643553301
ENSG00000183891_TTC32	5409	0.419108111791065	0.0347794693199764	0.498493026150664	0.0413609268055187	0.00625846593277635
ENSG00000196151_WDSUB1	5985	0.0287560245137615	0.0236646474432222	0.51596239339433	0.424602031030206	0.00701490361848048
ENSG00000196912_KIAA1641	2650	0.218614999117816	0.018933613940575	0.679966962517439	0.0588663575184951	0.0236180669056741
ENSG00000198369_SPRED2	4950	0.0312707572643682	0.577466785298926	0.0171257235572148	0.316197162436325	0.0579395714431665
ENSG00000213639_PPP1CB	4822	0.278693646469167	0.0216830171956048	0.643892871117743	0.0500907308627337	0.00563973435475095
ENSG00000214587_ILMN_36450	3891	3.52622001111949e-08	7.74261459851834e-06	0.00453349922112219	0.995432395391641	2.63275104392055e-05
ENSG00000011376_LARS2	4596	0.32644961845762	0.0377140864912927	0.556608614253034	0.0642889667980314	0.0149387140000219
ENSG00000075975_MKRN2	5611	3.38465311283786e-08	0.225998157780342	1.12732072223324e-07	0.752706970058703	0.0212947255823528
ENSG00000113851_CRBN	7752	0.377070803269077	0.0601946686774654	0.479205264038807	0.0764921291947702	0.00703713481988129
ENSG00000114316_USP4	2103	0.635714854279589	0.0700968311383626	0.256103999252587	0.0282293448352296	0.00985497049423225
ENSG00000114383_TUSC2	2508	0.553818655777247	0.129919519497279	0.23585515343295	0.0553038173355618	0.0251028539569622
ENSG00000114491_UMPS	5250	0.155981446689744	0.0187528502880805	0.729390789361321	0.0876827259610743	0.00819218769977953
ENSG00000114742_WDR48	4882	0.0707288629243422	0.0066022453110144	0.839402722852201	0.0783498381763713	0.00491633073607147
ENSG00000121542_SEC22A	4373	1.25961447124954e-07	0.392762970478694	1.84663976517935e-07	0.575773067123764	0.0314636517721198
ENSG00000129055_ANAPC13	4731	0.000114026152384308	1.63840801463585e-05	0.732644636591514	0.105109422565829	0.162115530610127
ENSG00000132182_NUP210	5390	4.17299369443544e-09	0.014632932483835	2.80555537529645e-07	0.983788606820409	0.00157817596722453
ENSG00000144559_C3orf31	5160	4.83555342216717e-08	0.322876850872385	9.70922197807502e-08	0.648269850844704	0.0288531528351571
ENSG00000145088_EAF2	5237	0.00801406253135303	0.00104689296614965	0.863302255830231	0.112760018078799	0.0148767705934673
ENSG00000154174_TOMM70A	4148	0.618255568127335	0.0581799709049901	0.290255579836747	0.0273080454268521	0.00600083570407541
ENSG00000157017_GHRL	5142	0.478495920693026	0.0596022563897219	0.40451564701424	0.0503801430824265	0.00700603282058537
ENSG00000160124_CCDC58	5023	1.90839303097261e-10	0.000570181855966223	3.34492688581815e-07	0.999383513324826	4.59701356803434e-05
ENSG00000163602_RYBP	5073	0.518574366389326	0.0920469688099594	0.31896285917694	0.05660210535222	0.0138137002715552
ENSG00000163864_NMNAT3	4284	0.364856645341386	0.0382503418615417	0.534542717122066	0.0560333411703604	0.00631695450464538
ENSG00000164054_ILMN_5730	1809	0.756125697907037	0.0373559020732303	0.191988521317174	0.00948001911950404	0.00504985958305464
ENSG00000168297_PXK	4224	0.489094965688321	0.0969772835918861	0.33601453094176	0.0666133410276932	0.0112998787503396
ENSG00000168827_GFM1	4795	0.0717348421905567	0.0252467681717034	0.662658029439785	0.233212486204834	0.00714787399312149
ENSG00000170819_BFSP2	5027	0.0717431291861203	0.00533323216383301	0.853034355340239	0.0634062829657557	0.00648300034405231
ENSG00000172113_NME6	1714	0.49746238223937	0.028624533749101	0.438554082832702	0.0252247510256751	0.0101342501531517
ENSG00000173226_IQCB1	5270	0.22485403638946	0.0293765733789695	0.649035662690897	0.084782807834738	0.011950919705935
ENSG00000178252_WDR6	2019	0.282693212971931	0.0247485292706992	0.628080609492626	0.0549761530416273	0.00950149522311625
ENSG00000178750_STX19	2026	0.349436371049345	0.0352537622427089	0.485693593780672	0.0489197163842515	0.0806965565430223
ENSG00000180376_CCDC66	5182	0.168908030947164	0.013193093359078	0.752363898338563	0.0587589741812295	0.00677600317396509
ENSG00000182923_CEP63	4732	0.151155039280454	0.021704244725088	0.624018246135524	0.0894887029564953	0.113633766902439
ENSG00000184203_PPP1R2	6629	0.442104201447665	0.142997936828282	0.303622319896631	0.0981930987650447	0.0130824430623765
ENSG00000196455_PIK3R4	4059	0.421244730668662	0.0249642231307578	0.513272466626225	0.0304079514884232	0.0101106280859318
ENSG00000197548_ATG7	5584	4.6813291534119e-06	0.53650031532532	3.61227399747423e-06	0.41393246951024	0.0495589215612885
ENSG00000213533_MUSTN1	3272	0.301868371969464	0.0940535945815115	0.438834733694675	0.136699871880835	0.0285434278735147
ENSG00000033178_UBE1L2	5101	0.0631103849731469	0.0119008604653047	0.773185222546531	0.14579518509021	0.00600834692480742
ENSG00000038002_AGA	5559	0.0732304788903803	0.00738466360916603	0.828459800858517	0.0835356521781918	0.00738940446374483
ENSG00000056050_C4orf27	5045	0.535682787169855	0.0597752798571797	0.35821198959937	0.0399654666878464	0.00636447668574982
ENSG00000059691_PET112L	3834	0.19025266945026	0.0820677833692807	0.501217895066934	0.216196118071598	0.0102655340419274
ENSG00000078177_ILMN_7118	5247	7.99361259696697e-06	6.67702035229875e-07	0.914713988331784	0.0763966724125488	0.00888067794103437
ENSG00000087008_ACOX3	7681	0.27628500014961	0.0652144392689669	0.525463388467655	0.124021605772976	0.00901556634079171
ENSG00000109181_UGT2B10	7079	0.0853196077028572	0.00902796285724124	0.807884259756797	0.0854727329923599	0.0122954366907447
ENSG00000109323_MANBA	4447	0.00189551288007825	0.00126428330607584	0.585083205245389	0.390221620884358	0.0215353776840985
ENSG00000109674_NEIL3	5672	0.48147058792833	0.0492689220028491	0.418229358712117	0.0427892002602346	0.00824193109646925
ENSG00000109775_C4orf20	6840	0.00632524204611379	0.47150935230578	0.0063544803124327	0.473646727786566	0.0421641975491077
ENSG00000109814_UGDH	5661	0.115030487094511	0.0109266608744062	0.79211687307599	0.0752359057256144	0.00669007322947865
ENSG00000118564_FBXL5	5854	0.0375013915277922	0.00960282100937484	0.754054793210371	0.193081828132982	0.00575916611948033
ENSG00000121895_TMEM156	5786	0.00553606166606613	0.000848830893627619	0.857060394803668	0.131405840509245	0.00514887212739324
ENSG00000125089_SH3TC1	8499	0.389395444048923	0.0951336138940121	0.406729000154869	0.0993590104372296	0.0093829314649665
ENSG00000128039_ILMN_17863	5576	0.453974004944619	0.091275935280314	0.361018056251209	0.072565061296612	0.0211669422272466
ENSG00000132465_IGJ	5298	0.533028866584034	0.109085047692831	0.287809274526532	0.0588893532188678	0.0111874579777354
ENSG00000138785_INTS12	4040	0.502612654276865	0.0806706995029472	0.350585082695801	0.0562599887554681	0.00987157476891865
ENSG00000145214_DGKQ	5140	0.00464453519850673	0.0260753151975307	0.14600101063858	0.819674190319865	0.00360494864551804
ENSG00000145247_OCIAD2	2548	0.0344462154418722	0.00412407403047622	0.788804463444183	0.0943613708146151	0.0782638762688539
ENSG00000145348_ILMN_16160	4184	0.00109240851972149	0.000160889692688464	0.821512417356988	0.120935874373455	0.0562984100571476
ENSG00000145439_CBR4	4902	0.589006876968846	0.0405378011780538	0.342493855172996	0.0235673982970266	0.00439406838307689
ENSG00000157426_ILMN_5103	6188	0.374248470065484	0.083020093462154	0.435188272219787	0.0965274444828823	0.0110157197696928
ENSG00000163110_PDLIM5	5198	0.00817842792668941	0.469514000128192	0.00832003753678755	0.477607262262847	0.0363802721454836
ENSG00000163743_RCHY1	5766	0.381292531102936	0.127428369131668	0.344863075663114	0.115222412795208	0.0311936113070732
ENSG00000164111_ANXA5	5552	0.461816164795153	0.0840730279348135	0.373660021558971	0.0680118786145408	0.0124389070965214
ENSG00000164306_CCDC111	6290	0.00336124785316629	0.250494410761174	0.00842251737586418	0.627571478429702	0.110150345580094
ENSG00000168993_ILMN_30247	5018	0.0919173000536654	0.514614586737974	0.051974408023849	0.290936977616107	0.0505567275684044
ENSG00000170871_KIAA0232	7808	2.93002491601653e-10	0.532882742679528	2.33529209717466e-10	0.424676424491242	0.0424408323026988
ENSG00000171234_UGT2B7	6945	0.000346304182313922	3.65007501792333e-05	0.89970708425483	0.094824793136124	0.00508531767655299
ENSG00000174130_TLR6	5920	0.311049241830658	0.0479998803963046	0.547401212243988	0.0844636893370117	0.00908597619203839
ENSG00000174137_FAM53A	5347	0.00879638583213551	0.0491220547050637	0.140933872992057	0.787009254018222	0.0141384324525216
ENSG00000174780_SRP72	6323	0.389783409623406	0.0793403010848925	0.433546110906582	0.0882390952795366	0.00909108310558265
ENSG00000179979_CRIPAK	5398	0.0697339607883447	0.390513652036082	0.0761137634142167	0.42620342915716	0.037435194604197
ENSG00000197888_UGT2B17	6468	0.000163322619604396	1.7971826414304e-05	0.896150906084175	0.098606316194704	0.00506148327510182
ENSG00000198498_ILMN_19458	5441	0.450895727958505	0.0570303328623087	0.430541777442586	0.0544488348736758	0.00708332686292452
ENSG00000213759_UGT2B11	6959	0.000571704703742775	5.9512441685294e-05	0.900296482710269	0.09371232605509	0.00535997408921314
ENSG00000013561_RNF14	4749	0.242533080438591	0.0238803278180351	0.65907811566078	0.0648846224537626	0.0096238536288314
ENSG00000037474_NSUN2	6621	0.219745221565126	0.0340019310713845	0.640381888292592	0.0990816945259182	0.00678926454497938
ENSG00000047188_YTHDC2	6199	0.0435955914353095	0.370426725152319	0.058059379684316	0.493289240914948	0.034629062813107
ENSG00000063438_AHRR	4271	0.341802292359758	0.0248587342717535	0.584701977827997	0.0425183213892771	0.00611867415121437
ENSG00000082196_AMACR	5135	0.00755576680091571	0.000583906170505762	0.916045730152578	0.0707865631303333	0.0050280337456677
ENSG00000112992_NNT	4483	0.0960351079188963	0.0148375045386029	0.750268125275033	0.115894088028207	0.0229651742392608
ENSG00000113196_HAND1	5267	0.47996401610076	0.0565822984594379	0.407716759208618	0.0480574891642678	0.00767943706691523
ENSG00000113318_MSH3	5251	0.300552463571611	0.0302181862635862	0.602277372621775	0.0605478485693801	0.00640412897364798
ENSG00000113384_GOLPH3	5362	0.565047802947679	0.0514266188922739	0.34607663332152	0.0314914681154174	0.00595747672311047
ENSG00000113621_TXNDC15	4016	0.619194079294382	0.0509666018761935	0.298562664673381	0.0245683400824554	0.00670831407358806
ENSG00000120314_WDR55	3172	0.0137641991388132	0.000752743635466699	0.926197350216344	0.0506437173325226	0.00864198967685431
ENSG00000123219_CENPK	4092	0.0239751987186486	0.00257135145696048	0.873895792749441	0.0937199013418976	0.00583775573305228
ENSG00000145495_MARCH6	5623	0.378692062340311	0.0411364353537028	0.516563828602186	0.0561056216559932	0.00750205204780719
ENSG00000145839_IL9	4370	0.657232531000376	0.0458962873835751	0.27328783780837	0.0190799096934545	0.00450343411422446
ENSG00000146066_HIGD2A	3756	0.485823861471234	0.0390566141725854	0.433843938650696	0.034871411978987	0.00640417372649789
ENSG00000150753_CCT5	5607	0.00509884293441737	0.000570642330037765	0.878046903649941	0.0982495017661512	0.0180341093194522
ENSG00000155542_C5orf35	5100	4.38311219011443e-05	0.201487639817475	0.000169748647015407	0.780300934589511	0.0179978458240962
ENSG00000161011_SQSTM1	6768	0.000184468238602654	6.08046163121135e-05	0.744062014731338	0.245248065223496	0.0104446471902498
ENSG00000164219_PGGT1B	6056	0.0993260327894926	0.0102794820726962	0.801763425381917	0.0829707006844027	0.00566035907149103
ENSG00000164253_WDR41	5008	0.021287939822661	0.050522023683834	0.272417719552708	0.646511473139448	0.00926084380134847
ENSG00000164307_ILMN_10385	5069	0.021623830229237	0.00211757084750068	0.883154285232668	0.0864785967634747	0.00662571692711948
ENSG00000164308_ILMN_22173	5304	1.2717041365208e-08	1.2664502399325e-09	0.903177889500353	0.089937767261547	0.00688432925460706
ENSG00000164338_UTP15	5064	0.387701101119628	0.0432399217152108	0.50613630908424	0.0564424034729582	0.00648026460796334
ENSG00000164346_ILMN_8436	4884	0.0788231738950257	0.00709720046927236	0.829331716381382	0.0746625414223948	0.0100853678319248
ENSG00000169045_HNRPH1	6918	0.374105569291282	0.119625743093049	0.373080337718166	0.119284005915655	0.0139043439818475
ENSG00000169131_ZNF354A	6620	0.238046717012535	0.0408281821129171	0.608849451588476	0.104417931475051	0.00785771781102093
ENSG00000171421_MRPL36	7463	0.0207900313114911	0.00204777496580207	0.885247892317325	0.0871903574513542	0.00472394395402758
ENSG00000205464_ILMN_15537	3967	0.0340134470880009	0.00318229068017098	0.87476004722681	0.0818361508850804	0.00620806411993779
ENSG00000205550_ILMN_31744	2106	0.736779085043525	0.0247047197655997	0.227963339467518	0.00764085875154585	0.00291199697181128
ENSG00000009844_VTA1	3803	0.642531169005558	0.0561624066147455	0.271589864141745	0.0237331612809491	0.00598339895700241
ENSG00000010017_RANBP9	4617	0.413406679715667	0.0376964185492541	0.491946684085141	0.0448459713899291	0.0121042462600089
ENSG00000030110_BAK1	15645	0.0195452908662877	0.297660114428695	0.0405120455039024	0.616942715690878	0.0253398335102369
ENSG00000031691_CENPQ	5040	0.0301503195078202	0.00536021504060482	0.815063266434681	0.1448998876752	0.0045263113416946
ENSG00000047932_GOPC	4598	0.441975073031031	0.202644137781014	0.231144225765808	0.105960602015006	0.0182759614071419
ENSG00000048544_MRPS10	4648	0.0052996936077808	0.00112996459156608	0.813647929194033	0.173474023886225	0.00644838872039456
ENSG00000051620_HEBP2	5270	0.541700145967497	0.0432969810954101	0.379468620172265	0.0303249388246681	0.00520931394015983
ENSG00000071242_RPS6KA2	7252	0.314023860035901	0.0483257317524124	0.545968753373415	0.0840125053611677	0.00766914947710395
ENSG00000111801_BTN3A3	5016	0.000510797833231999	5.79427342526688e-05	0.886944331283131	0.100599305967412	0.0118876221819732
ENSG00000111850_C6orf162	5324	0.064130724810385	0.00429577741785232	0.866677885986487	0.0580473106403089	0.00684830114496671
ENSG00000112096_SOD2	5899	0.254189484453872	0.0566294957765366	0.538106985278442	0.119850711666033	0.0312233228251167
ENSG00000112242_E2F3	5692	4.01184903127366e-31	0.555095320495387	2.71823756594437e-31	0.376037247501103	0.0688674320035155
ENSG00000112297_AIM1	5079	0.0645358650741771	0.00509039454875395	0.852713939290241	0.0672490950466206	0.0104107060402068
ENSG00000112584_FAM120B	4072	0.359978964622544	0.0276435983856898	0.563564975159612	0.0432718877442275	0.00554057408792623
ENSG00000124532_MRS2L	7004	0.478503428950567	0.0676992216776088	0.391347691589073	0.0553612381648215	0.00708841961792973
ENSG00000124587_PEX6	4188	1.03315215137184e-07	1.5654763562434e-07	0.391640010048371	0.593414759527039	0.0149449705617396
ENSG00000124588_NQO2	6081	0.470425771729418	0.0490519998224985	0.429861445215544	0.0448164524087773	0.00584433082376227
ENSG00000124596_C6orf130	5450	0.488096166494501	0.131259307816945	0.288948536963817	0.0776903230303942	0.0140056656943425
ENSG00000124688_MAD2L1BP	4331	0.00206958390274017	0.00312985598387484	0.384329133404743	0.581196176093304	0.0292752506153382
ENSG00000124762_CDKN1A	4997	0.0184705806607153	0.00205751090397664	0.860319411361658	0.0958110344183482	0.0233414626553014
ENSG00000130023_C6orf70	6233	0.0264618472818239	0.00324244774904898	0.853383384312001	0.104555211589694	0.0123571090674322
ENSG00000130340_SNX9	5277	0.579894884705988	0.0650970479506189	0.313431109456752	0.0351783227680829	0.00639863511855786
ENSG00000130348_QRSL1	5160	0.00637331466654342	0.000515006550398631	0.913810109761311	0.0738365178055328	0.00546505121621436
ENSG00000135541_AHI1	3543	0.248392928363257	0.0117259503978918	0.699198159427409	0.0329995482728358	0.00768341353860607
ENSG00000145979_TBC1D7	4568	0.586568115267695	0.0530731600100133	0.325033690438321	0.0294033909535628	0.00592164333040778
ENSG00000145996_CDKAL1	5408	3.84399134947549e-31	0.531869866858167	2.51325531831804e-31	0.347623452659285	0.120506680482551
ENSG00000146085_MUT	5005	0.00906144924833462	0.00158149452041786	0.832045561794524	0.145204785275074	0.0121067091616501
ENSG00000146223_RPL7L1	4109	0.155322406503445	0.235122054932892	0.226118311752677	0.34224942766377	0.0411877991472161
ENSG00000146243_IRAK1BP1	5627	0.362760069568579	0.0919186872102246	0.421904164516812	0.106888503660265	0.016528575044119
ENSG00000146281_ACY1L2	4468	0.0158110294066496	0.000914805705356884	0.90821658920072	0.0525257049411572	0.0225318707461162
ENSG00000146453_PNLDC1	5854	0.528496431071345	0.11267860034589	0.287226332163459	0.0612280014483651	0.0103706349709419
ENSG00000164414_SLC35A1	5203	0.138476299720661	0.00898434854800331	0.794801583855557	0.0515605852906181	0.00617718258516152
ENSG00000164484_KIAA1913	5754	0.00106589128865707	0.000105816106738983	0.903078081268536	0.0896467604556677	0.00610345088040056
ENSG00000168405_CMAH	6469	0.0234407243609072	0.00281317694022557	0.862660077614968	0.103522318746471	0.00756370233742833
ENSG00000180992_MRPL14	4541	0.0723168866427322	0.108761134777047	0.32197305995148	0.484219335618602	0.0127295830101387
ENSG00000186470_BTN3A2	5160	5.13004138645847e-05	5.78750525748806e-06	0.887619450529496	0.100125439271413	0.0121980222799685
ENSG00000188820_FAM26F	4718	0.305456297610339	0.0261778554032145	0.608446944784219	0.0521366202584405	0.00778228194378664
ENSG00000196126_HLA-DRB1	19432	2.24215854863311e-14	4.73778521331644e-13	0.0451654646115303	0.954366789286306	0.000467746101668583
ENSG00000196306_ILMN_5683	12648	3.31343430138413e-08	1.25866434270378e-08	0.721647680607185	0.2741259120255	0.00422636164632878
ENSG00000197498_BXDC1	4666	0.436840574699098	0.0547566816595062	0.445597895251176	0.0558474286230615	0.00695741976715788
ENSG00000198502_HLA-DRB5	19420	5.1051612920035e-12	1.08541998531073e-10	0.0447622391875944	0.951696634881881	0.00354112581687816
ENSG00000204261_PSMB9	19950	1.73768804134802e-07	3.4982931368001e-06	0.0472741504645681	0.951716634119748	0.00100554335374374
ENSG00000005075_POLR2J	4173	0.341211300859254	0.182533790651892	0.269303480252734	0.144003162565034	0.062948265671086
ENSG00000064419_TNPO3	4811	0.00446562369883099	0.000499391288625446	0.888918625835542	0.099401172261232	0.00671518691576964
ENSG00000105778_KIAA0241	5845	0.240190158081081	0.0560338717512331	0.538197157482486	0.125515749632118	0.0400630630530822
ENSG00000105829_BET1	3822	0.391742633704434	0.0327547307794986	0.525620655290039	0.0439427187984931	0.00593926142753525
ENSG00000105928_DFNA5	6543	0.371914562548402	0.0442790648104525	0.516205309900387	0.0614517517078449	0.00614931103291358
ENSG00000105971_CAV2	3447	0.00300464610483897	0.000406439586305446	0.870826584472296	0.117789059853715	0.00797326998284486
ENSG00000106121_ILMN_22269	4899	1.29898199856548e-05	4.46742536999033e-05	0.224974008701154	0.773723560634783	0.0012447665903772
ENSG00000106153_CHCHD2	5382	5.02261897164823e-05	4.17392170999219e-06	0.912601586650619	0.0758279532805635	0.0115160599573924
ENSG00000106392_C1GALT1	7575	0.484898072585973	0.07869429693749	0.368761196162504	0.0598385902145169	0.00780784409951596
ENSG00000106591_MRPL32	5353	0.286132640431333	0.0602819854318321	0.530151542666848	0.111679759078747	0.011754072391239
ENSG00000106610_ILMN_35010	7222	0.0849146548862679	0.02400698171003	0.689580445865706	0.1949509096722	0.00654700786579637
ENSG00000126870_WDR60	4879	0.196997902991896	0.0565619603146502	0.558166461125865	0.160232493288836	0.0280411822787532
ENSG00000127952_STYXL1	3635	0.443290707244655	0.0312166790745794	0.48289630877121	0.0339971195243693	0.00859918538518613
ENSG00000128534_LSM8	3774	0.0832380252620245	0.0235549233183684	0.68984176388425	0.195205142897461	0.00816014463789605
ENSG00000128578_FAM40B	4978	0.480911605917795	0.0550290887842835	0.404898840287929	0.0463183629607509	0.0128421020492411
ENSG00000128604_IRF5	4777	6.50943026763423e-08	7.23989374336116e-09	0.895722756299563	0.0996190772020469	0.00465809416419237
ENSG00000136240_KDELR2	6892	0.522401792757283	0.0756426366796463	0.344429595230007	0.0498649908611276	0.00766098447193557
ENSG00000146535_GNA12	7332	0.303264160235018	0.0436213303379305	0.565190409966836	0.0812900069543211	0.0066340925058937
ENSG00000154710_RABGEF1	5476	0.502259882739325	0.0354900245640918	0.426671742612569	0.0301434803562629	0.0054348697277519
ENSG00000158604_TMED4	4766	0.127062165871031	0.143639896074996	0.106511061286065	0.119904618031293	0.502882258736614
ENSG00000160916_ATP5J2	3342	0.601077977173702	0.0447374108937743	0.324614842678947	0.0241552237587583	0.00541454549481803
ENSG00000161036_ILMN_12314	4190	0.432962757962193	0.231830548019964	0.19753107759286	0.105736367903026	0.0319392485219572
ENSG00000168090_COPS6	2984	0.646208454414116	0.0516306632396204	0.273882915532574	0.0218762531515833	0.00640171366210646
ENSG00000169193_CCDC126	5646	0.0131337178616013	0.0086505899839033	0.586729411641968	0.386447268331099	0.00503901218142874
ENSG00000170356_ILMN_115008	3681	0.530929799158945	0.0352865729022395	0.402139852960897	0.0267220339900323	0.00492174098788662
ENSG00000174353_ILMN_28376	2555	0.686631140425296	0.0345453549254904	0.261352520740061	0.0131446776612167	0.00432630624793604
ENSG00000178381_ZFAND2A	6738	0.107418241988595	0.0303432299567844	0.666617692828323	0.188297135322041	0.00732369990425674
ENSG00000188191_PRKAR1B	5584	0.00154978101862292	0.000332776654640103	0.813536977894692	0.174676784747027	0.00990367968501686
ENSG00000188372_ZP3	4646	8.00040826563561e-06	1.41366980905921e-06	0.844681109297048	0.149248845224459	0.00606063140041794
ENSG00000188707_C7orf29	5731	0.331097719630785	0.101088107821752	0.425579466051487	0.129922206526347	0.0123124999696289
ENSG00000189077_TMEM120A	3628	0.140010766528139	0.00949590592478669	0.789426241336584	0.0535334726116871	0.00753361359880277
ENSG00000196313_ILMN_19309	3470	0.643710220935842	0.0968122957657575	0.21763636061045	0.0327228083003086	0.00911831438764217
ENSG00000196511_TPK1	3904	0.443196902656224	0.0311537568561731	0.484035344756049	0.0340168270769739	0.00759716865458019
ENSG00000196937_FAM3C	4274	0.191371320318314	0.363009156552448	0.139130561455209	0.26387189049723	0.0426170711767981
ENSG00000197448_GSTK1	3663	0.707050734367301	0.0382815511627785	0.238225366342206	0.0128945882671976	0.00354775986051747
ENSG00000213214_ILMN_28207	3491	0.546990096853392	0.0353537218594011	0.38740332115653	0.0250338984599508	0.00521896167072604
ENSG00000214253_FIS1	4941	0.567654798894036	0.0796075224373365	0.300983190548275	0.0422001233152133	0.0095543648051397
ENSG00000036448_MYOM2	9947	0.329229259274948	0.0652786052617007	0.498164311043149	0.0987659865959009	0.00856183782430108
ENSG00000066827_ZFAT1	6074	0.563152448131396	0.0498635042054901	0.350891150267688	0.0310641113821562	0.00502878601326967
ENSG00000070718_AP3M2	4078	0.0442422444200395	0.397921942697266	0.052343631931042	0.470752399950918	0.0347397810007339
ENSG00000104427_C8orf70	4843	0.00149937560467935	0.000113196551605034	0.922908158913527	0.069669874744682	0.00580939418550659
ENSG00000104497_SNX16	5136	0.00591145505277044	0.0475125884848443	0.10414422821605	0.837040956384567	0.00539077186176794
ENSG00000104518_GSDMDC1	4775	0.00172984205904698	0.418081352367209	0.00224351517647164	0.542194017120942	0.0357512732763298
ENSG00000104687_GSR	4742	0.485661111018988	0.15077727852892	0.267668532822228	0.0830869768777261	0.0128061007521373
ENSG00000104723_TUSC3	8434	0.342094794849597	0.153570193379285	0.337307774845069	0.151405624753379	0.0156216121726691
ENSG00000104763_ASAH1	8695	0.128657444823997	0.279569197785356	0.177526374942221	0.385731564741153	0.0285154177072737
ENSG00000136982_ILMN_3628	5256	0.253776287949034	0.0204124569893758	0.666871926455558	0.0536344367333575	0.00530489187267407
ENSG00000147421_HMBOX1	4341	0.0152617835422137	0.00120799628868489	0.903567906637597	0.0715104944937515	0.00845181903775332
ENSG00000147454_SLC25A37	5638	0.465887820368303	0.0678415494544413	0.393205940143809	0.0572419527782285	0.0158227372552175
ENSG00000147592_LACTB2	4512	0.523543248338865	0.0708597782454364	0.350056579306508	0.0473707845871331	0.00816960952205745
ENSG00000147647_DPYS	5158	0.370052674363288	0.275715010763069	0.187620755723239	0.139763679976392	0.0268478791740121
ENSG00000147813_NAPRT1	4769	0.000394326591297649	0.0953586134847022	0.00367561657557663	0.888849714663284	0.0117217286851392
ENSG00000154319_C8orf13	6659	0.107864552266161	0.0475094366002123	0.57046651163991	0.251241672790832	0.0229178267028851
ENSG00000156795_C8orf32	4726	0.000710728486636962	0.000100409560079241	0.870350907922822	0.122954647222396	0.00588330680806627
ENSG00000160959_LRRC14	2306	0.0029419113197611	0.712001255731243	0.000854063283010208	0.206622780382762	0.0775799892832236
ENSG00000161016_RPL8	1744	2.72989735411025e-07	6.60668815403736e-05	0.00410902604364458	0.994433569880527	0.00139106420455272
ENSG00000172728_FUT10	3997	0.0297041769923636	0.00643129298169911	0.788326999265014	0.170676922595604	0.00486060816531995
ENSG00000173566_NUDT18	5288	0.246971839928517	0.0268386637463448	0.649658157819506	0.0705930289769208	0.00593830952871144
ENSG00000176209_C8orf40	3876	0.000238999981556051	0.0021456182803824	0.0999136025119757	0.896971941929545	0.000729837296540719
ENSG00000205038_PKHD1L1	3975	0.00010837324627085	1.38869000594728e-05	0.882390528688986	0.113064711322213	0.00442249984247044
ENSG00000215374_ILMN_41203	5076	0.611962736845509	0.042675320792766	0.31878207478156	0.0222259658304809	0.00435390174968463
ENSG00000054179_ENTPD2	4629	0.586964428539716	0.0631458499647369	0.309462835222048	0.0332849841833176	0.00714190209018073
ENSG00000070214_SLC44A1	5272	0.503679386679076	0.0924130979644262	0.332253236280501	0.0609498027142	0.0107044763617972
ENSG00000090054_SPTLC1	5386	0.543885286572766	0.0570037571349773	0.355660346163715	0.0372700180766281	0.00618059205191358
ENSG00000106733_C9orf95	5331	0.000746886951814695	0.000101707215589395	0.872660567226813	0.118826754205615	0.00766408440016772
ENSG00000106789_CORO2A	5019	0.582141735077635	0.065220574732578	0.311014805652982	0.0348379326705927	0.00678495186621279
ENSG00000119314_ROD1	5414	0.32347927339962	0.0415144109507811	0.556301097937057	0.0713867840366835	0.00731843367585861
ENSG00000119383_PPP2R4	4361	0.589411596946351	0.0869467974262557	0.27453849339097	0.0404898141068318	0.00861329812959101
ENSG00000119431_HDHD3	5269	0.506161570633243	0.0859512894592345	0.340330857269467	0.0577818037883056	0.00977447884974969
ENSG00000130560_UBAC1	6097	0.518983083467801	0.0848882855294704	0.332987310871623	0.0544569096009065	0.00868441053019864
ENSG00000130653_PNPLA7	3701	0.492128732355981	0.0302244116386916	0.44523795154436	0.0273395139265608	0.00506939053440666
ENSG00000130956_HABP4	4053	0.460790151386888	0.043608334702033	0.445934025317255	0.0421949055983302	0.00747258299549367
ENSG00000131669_NINJ1	5351	0.565217614007247	0.0668367445222651	0.32312863795665	0.0382032113932977	0.00661379212054016
ENSG00000136861_CDK5RAP2	3413	0.367657461356629	0.0381224939733063	0.532665659082302	0.0552259067196851	0.00632847886807719
ENSG00000136872_ALDOB	6307	0.526600616428072	0.0626098449473134	0.361158877834702	0.0429330571880922	0.00669760360181971
ENSG00000137054_POLR1E	4593	0.240862318117334	0.0198691020326109	0.676759497307819	0.0558202400380736	0.00668884250416178
ENSG00000148290_SURF1	6141	0.0151634712512702	0.240495148116634	0.0428817516292001	0.680090264619246	0.0213693643836502
ENSG00000148296_SURF6	6189	0.0212468787136387	0.336993613470971	0.0363189994642115	0.576020880845018	0.0294196275061606
ENSG00000148384_INPP5E	5306	0.010304030511013	0.00152365887861054	0.825246861927423	0.121988467617193	0.0409369810657598
ENSG00000156052_GNAQ	4984	0.583070044827691	0.079385729524402	0.290304082045063	0.0395175480670476	0.00772259553579682
ENSG00000157653_C9orf43	5251	0.465078632886227	0.07136689948866	0.393688431833162	0.0604025200882789	0.00946351570367194
ENSG00000159884_CCDC107	3795	0.612425502704949	0.0329647462020596	0.332123036017308	0.0178724197959062	0.0046142952797767
ENSG00000164978_NUDT2	4539	0.0744160859076436	0.00685493863071244	0.825409059962262	0.0760163709259914	0.0173035445733909
ENSG00000165029_ABCA1	5905	0.445277772555611	0.0759368835855704	0.40099037979681	0.0683747697795413	0.00942019428246768
ENSG00000175768_C9orf105	4633	0.0129035568870542	0.00106925619426079	0.903326515703682	0.0748465042716377	0.00785416694336523
ENSG00000196152_ZNF79	3714	0.0256181217284303	0.00278486262848058	0.870697066492127	0.0946443884992775	0.00625556065168481
ENSG00000204001_LCN8	4695	0.537798362608721	0.074743651557853	0.332962364875045	0.0462671503933264	0.00822847056505517
